   1.1000000e-02   8.3783412e+00
   1.1100000e-02   8.3609014e+00
   1.1200000e-02   8.3443128e+00
   1.1300000e-02   8.3284568e+00
   1.1400000e-02   8.3132398e+00
   1.1500000e-02   8.2985866e+00
   1.1600000e-02   8.2844358e+00
   1.1700000e-02   8.2707363e+00
   1.1800000e-02   8.2574449e+00
   1.1900000e-02   8.2445250e+00
   1.2000000e-02   8.2319424e+00
   1.2100000e-02   8.2196646e+00
   1.2200000e-02   8.2076638e+00
   1.2300000e-02   8.1959157e+00
   1.2400000e-02   8.1843991e+00
   1.2500000e-02   8.1730957e+00
   1.2600000e-02   8.1619890e+00
   1.2700000e-02   8.1510643e+00
   1.2800000e-02   8.1403088e+00
   1.2900000e-02   8.1297106e+00
   1.3000000e-02   8.1192591e+00
   1.3100000e-02   8.1089447e+00
   1.3200000e-02   8.0987587e+00
   1.3300000e-02   8.0886931e+00
   1.3400000e-02   8.0787404e+00
   1.3500000e-02   8.0688939e+00
   1.3600000e-02   8.0591474e+00
   1.3700000e-02   8.0494950e+00
   1.3800000e-02   8.0399313e+00
   1.3900000e-02   8.0304514e+00
   1.4000000e-02   8.0210505e+00
   1.4100000e-02   8.0117243e+00
   1.4200000e-02   8.0024686e+00
   1.4300000e-02   7.9932795e+00
   1.4400000e-02   7.9841533e+00
   1.4500000e-02   7.9750867e+00
   1.4600000e-02   7.9660763e+00
   1.4700000e-02   7.9571189e+00
   1.4800000e-02   7.9482118e+00
   1.4900000e-02   7.9393519e+00
   1.5000000e-02   7.9305366e+00
   1.5100000e-02   7.9217634e+00
   1.5200000e-02   7.9130298e+00
   1.5300000e-02   7.9043333e+00
   1.5400000e-02   7.8956717e+00
   1.5500000e-02   7.8870428e+00
   1.5600000e-02   7.8784445e+00
   1.5700000e-02   7.8698747e+00
   1.5800000e-02   7.8613313e+00
   1.5900000e-02   7.8528126e+00
   1.6000000e-02   7.8443164e+00
   1.6100000e-02   7.8358412e+00
   1.6200000e-02   7.8273849e+00
   1.6300000e-02   7.8189459e+00
   1.6400000e-02   7.8105224e+00
   1.6500000e-02   7.8021128e+00
   1.6600000e-02   7.7937153e+00
   1.6700000e-02   7.7853284e+00
   1.6800000e-02   7.7769503e+00
   1.6900000e-02   7.7685795e+00
   1.7000000e-02   7.7602145e+00
   1.7100000e-02   7.7518535e+00
   1.7200000e-02   7.7434953e+00
   1.7300000e-02   7.7351402e+00
   1.7400000e-02   7.7267892e+00
   1.7500000e-02   7.7184435e+00
   1.7600000e-02   7.7101043e+00
   1.7700000e-02   7.7017725e+00
   1.7800000e-02   7.6934492e+00
   1.7900000e-02   7.6851357e+00
   1.8000000e-02   7.6768328e+00
   1.8100000e-02   7.6685417e+00
   1.8200000e-02   7.6602634e+00
   1.8300000e-02   7.6519990e+00
   1.8400000e-02   7.6437493e+00
   1.8500000e-02   7.6355154e+00
   1.8600000e-02   7.6272983e+00
   1.8700000e-02   7.6190989e+00
   1.8800000e-02   7.6109181e+00
   1.8900000e-02   7.6027568e+00
   1.9000000e-02   7.5946159e+00
   1.9100000e-02   7.5864963e+00
   1.9200000e-02   7.5783987e+00
   1.9300000e-02   7.5703240e+00
   1.9400000e-02   7.5622730e+00
   1.9500000e-02   7.5542463e+00
   1.9600000e-02   7.5462448e+00
   1.9700000e-02   7.5382691e+00
   1.9800000e-02   7.5303200e+00
   1.9900000e-02   7.5223979e+00
   2.0000000e-02   7.5145037e+00
   2.0100000e-02   7.5066378e+00
   2.0200000e-02   7.4988009e+00
   2.0300000e-02   7.4909934e+00
   2.0400000e-02   7.4832160e+00
   2.0500000e-02   7.4754690e+00
   2.0600000e-02   7.4677530e+00
   2.0700000e-02   7.4600683e+00
   2.0800000e-02   7.4524155e+00
   2.0900000e-02   7.4447949e+00
   2.1000000e-02   7.4372068e+00
   2.1100000e-02   7.4296516e+00
   2.1200000e-02   7.4221296e+00
   2.1300000e-02   7.4146411e+00
   2.1400000e-02   7.4071864e+00
   2.1500000e-02   7.3997658e+00
   2.1600000e-02   7.3923793e+00
   2.1700000e-02   7.3850274e+00
   2.1800000e-02   7.3777101e+00
   2.1900000e-02   7.3704275e+00
   2.2000000e-02   7.3631800e+00
   2.2100000e-02   7.3559675e+00
   2.2200000e-02   7.3487902e+00
   2.2300000e-02   7.3416482e+00
   2.2400000e-02   7.3345416e+00
   2.2500000e-02   7.3274704e+00
   2.2600000e-02   7.3204347e+00
   2.2700000e-02   7.3134344e+00
   2.2800000e-02   7.3064696e+00
   2.2900000e-02   7.2995404e+00
   2.3000000e-02   7.2926466e+00
   2.3100000e-02   7.2857883e+00
   2.3200000e-02   7.2789654e+00
   2.3300000e-02   7.2721779e+00
   2.3400000e-02   7.2654257e+00
   2.3500000e-02   7.2587087e+00
   2.3600000e-02   7.2520268e+00
   2.3700000e-02   7.2453800e+00
   2.3800000e-02   7.2387677e+00
   2.3900000e-02   7.2321893e+00
   2.4000000e-02   7.2256440e+00
   2.4100000e-02   7.2191312e+00
   2.4200000e-02   7.2126503e+00
   2.4300000e-02   7.2062006e+00
   2.4400000e-02   7.1997816e+00
   2.4500000e-02   7.1933927e+00
   2.4600000e-02   7.1870334e+00
   2.4700000e-02   7.1807030e+00
   2.4800000e-02   7.1744011e+00
   2.4900000e-02   7.1681271e+00
   2.5000000e-02   7.1618805e+00
   2.5100000e-02   7.1556610e+00
   2.5200000e-02   7.1494678e+00
   2.5300000e-02   7.1433008e+00
   2.5400000e-02   7.1371592e+00
   2.5500000e-02   7.1310429e+00
   2.5600000e-02   7.1249512e+00
   2.5700000e-02   7.1188838e+00
   2.5800000e-02   7.1128403e+00
   2.5900000e-02   7.1068203e+00
   2.6000000e-02   7.1008235e+00
   2.6100000e-02   7.0948494e+00
   2.6200000e-02   7.0888976e+00
   2.6300000e-02   7.0829679e+00
   2.6400000e-02   7.0770598e+00
   2.6500000e-02   7.0711731e+00
   2.6600000e-02   7.0653073e+00
   2.6700000e-02   7.0594623e+00
   2.6800000e-02   7.0536376e+00
   2.6900000e-02   7.0478329e+00
   2.7000000e-02   7.0420480e+00
   2.7100000e-02   7.0362826e+00
   2.7200000e-02   7.0305363e+00
   2.7300000e-02   7.0248088e+00
   2.7400000e-02   7.0191000e+00
   2.7500000e-02   7.0134096e+00
   2.7600000e-02   7.0077371e+00
   2.7700000e-02   7.0020825e+00
   2.7800000e-02   6.9964455e+00
   2.7900000e-02   6.9908257e+00
   2.8000000e-02   6.9852230e+00
   2.8100000e-02   6.9796372e+00
   2.8200000e-02   6.9740679e+00
   2.8300000e-02   6.9685150e+00
   2.8400000e-02   6.9629782e+00
   2.8500000e-02   6.9574573e+00
   2.8600000e-02   6.9519521e+00
   2.8700000e-02   6.9464625e+00
   2.8800000e-02   6.9409881e+00
   2.8900000e-02   6.9355287e+00
   2.9000000e-02   6.9300843e+00
   2.9100000e-02   6.9246545e+00
   2.9200000e-02   6.9192392e+00
   2.9300000e-02   6.9138383e+00
   2.9400000e-02   6.9084514e+00
   2.9500000e-02   6.9030784e+00
   2.9600000e-02   6.8977193e+00
   2.9700000e-02   6.8923736e+00
   2.9800000e-02   6.8870414e+00
   2.9900000e-02   6.8817225e+00
   3.0000000e-02   6.8764166e+00
   3.0100000e-02   6.8711236e+00
   3.0200000e-02   6.8658433e+00
   3.0300000e-02   6.8605757e+00
   3.0400000e-02   6.8553204e+00
   3.0500000e-02   6.8500775e+00
   3.0600000e-02   6.8448466e+00
   3.0700000e-02   6.8396278e+00
   3.0800000e-02   6.8344208e+00
   3.0900000e-02   6.8292255e+00
   3.1000000e-02   6.8240417e+00
   3.1100000e-02   6.8188693e+00
   3.1200000e-02   6.8137082e+00
   3.1300000e-02   6.8085583e+00
   3.1400000e-02   6.8034193e+00
   3.1500000e-02   6.7982913e+00
   3.1600000e-02   6.7931740e+00
   3.1700000e-02   6.7880673e+00
   3.1800000e-02   6.7829711e+00
   3.1900000e-02   6.7778853e+00
   3.2000000e-02   6.7728098e+00
   3.2100000e-02   6.7677444e+00
   3.2200000e-02   6.7626890e+00
   3.2300000e-02   6.7576435e+00
   3.2400000e-02   6.7526078e+00
   3.2500000e-02   6.7475818e+00
   3.2600000e-02   6.7425654e+00
   3.2700000e-02   6.7375584e+00
   3.2800000e-02   6.7325606e+00
   3.2900000e-02   6.7275719e+00
   3.3000000e-02   6.7225922e+00
   3.3100000e-02   6.7176214e+00
   3.3200000e-02   6.7126592e+00
   3.3300000e-02   6.7077056e+00
   3.3400000e-02   6.7027604e+00
   3.3500000e-02   6.6978236e+00
   3.3600000e-02   6.6928948e+00
   3.3700000e-02   6.6879742e+00
   3.3800000e-02   6.6830614e+00
   3.3900000e-02   6.6781565e+00
   3.4000000e-02   6.6732592e+00
   3.4100000e-02   6.6683694e+00
   3.4200000e-02   6.6634871e+00
   3.4300000e-02   6.6586121e+00
   3.4400000e-02   6.6537443e+00
   3.4500000e-02   6.6488835e+00
   3.4600000e-02   6.6440297e+00
   3.4700000e-02   6.6391828e+00
   3.4800000e-02   6.6343426e+00
   3.4900000e-02   6.6295090e+00
   3.5000000e-02   6.6246820e+00
   3.5100000e-02   6.6198614e+00
   3.5200000e-02   6.6150471e+00
   3.5300000e-02   6.6102390e+00
   3.5400000e-02   6.6054370e+00
   3.5500000e-02   6.6006410e+00
   3.5600000e-02   6.5958509e+00
   3.5700000e-02   6.5910665e+00
   3.5800000e-02   6.5862879e+00
   3.5900000e-02   6.5815149e+00
   3.6000000e-02   6.5767475e+00
   3.6100000e-02   6.5719854e+00
   3.6200000e-02   6.5672286e+00
   3.6300000e-02   6.5624771e+00
   3.6400000e-02   6.5577307e+00
   3.6500000e-02   6.5529893e+00
   3.6600000e-02   6.5482529e+00
   3.6700000e-02   6.5435213e+00
   3.6800000e-02   6.5387945e+00
   3.6900000e-02   6.5340724e+00
   3.7000000e-02   6.5293549e+00
   3.7100000e-02   6.5246418e+00
   3.7200000e-02   6.5199332e+00
   3.7300000e-02   6.5152290e+00
   3.7400000e-02   6.5105289e+00
   3.7500000e-02   6.5058331e+00
   3.7600000e-02   6.5011413e+00
   3.7700000e-02   6.4964535e+00
   3.7800000e-02   6.4917697e+00
   3.7900000e-02   6.4870896e+00
   3.8000000e-02   6.4824134e+00
   3.8100000e-02   6.4777408e+00
   3.8200000e-02   6.4730718e+00
   3.8300000e-02   6.4684063e+00
   3.8400000e-02   6.4637442e+00
   3.8500000e-02   6.4590856e+00
   3.8600000e-02   6.4544302e+00
   3.8700000e-02   6.4497780e+00
   3.8800000e-02   6.4451289e+00
   3.8900000e-02   6.4404829e+00
   3.9000000e-02   6.4358399e+00
   3.9100000e-02   6.4311997e+00
   3.9200000e-02   6.4265624e+00
   3.9300000e-02   6.4219279e+00
   3.9400000e-02   6.4172961e+00
   3.9500000e-02   6.4126668e+00
   3.9600000e-02   6.4080401e+00
   3.9700000e-02   6.4034159e+00
   3.9800000e-02   6.3987940e+00
   3.9900000e-02   6.3941745e+00
   4.0000000e-02   6.3895572e+00
   4.0100000e-02   6.3849421e+00
   4.0200000e-02   6.3803291e+00
   4.0300000e-02   6.3757182e+00
   4.0400000e-02   6.3711092e+00
   4.0500000e-02   6.3665021e+00
   4.0600000e-02   6.3618968e+00
   4.0700000e-02   6.3572933e+00
   4.0800000e-02   6.3526915e+00
   4.0900000e-02   6.3480914e+00
   4.1000000e-02   6.3434927e+00
   4.1100000e-02   6.3388956e+00
   4.1200000e-02   6.3342999e+00
   4.1300000e-02   6.3297055e+00
   4.1400000e-02   6.3251124e+00
   4.1500000e-02   6.3205206e+00
   4.1600000e-02   6.3159299e+00
   4.1700000e-02   6.3113402e+00
   4.1800000e-02   6.3067516e+00
   4.1900000e-02   6.3021640e+00
   4.2000000e-02   6.2975772e+00
   4.2100000e-02   6.2929912e+00
   4.2200000e-02   6.2884060e+00
   4.2300000e-02   6.2838215e+00
   4.2400000e-02   6.2792376e+00
   4.2500000e-02   6.2746542e+00
   4.2600000e-02   6.2700713e+00
   4.2700000e-02   6.2654889e+00
   4.2800000e-02   6.2609068e+00
   4.2900000e-02   6.2563249e+00
   4.3000000e-02   6.2517434e+00
   4.3100000e-02   6.2471619e+00
   4.3200000e-02   6.2425806e+00
   4.3300000e-02   6.2379993e+00
   4.3400000e-02   6.2334180e+00
   4.3500000e-02   6.2288367e+00
   4.3600000e-02   6.2242553e+00
   4.3700000e-02   6.2196736e+00
   4.3800000e-02   6.2150918e+00
   4.3900000e-02   6.2105098e+00
   4.4000000e-02   6.2059274e+00
   4.4100000e-02   6.2013446e+00
   4.4200000e-02   6.1967614e+00
   4.4300000e-02   6.1921778e+00
   4.4400000e-02   6.1875936e+00
   4.4500000e-02   6.1830088e+00
   4.4600000e-02   6.1784234e+00
   4.4700000e-02   6.1738374e+00
   4.4800000e-02   6.1692506e+00
   4.4900000e-02   6.1646630e+00
   4.5000000e-02   6.1600746e+00
   4.5100000e-02   6.1554853e+00
   4.5200000e-02   6.1508950e+00
   4.5300000e-02   6.1463038e+00
   4.5400000e-02   6.1417114e+00
   4.5500000e-02   6.1371180e+00
   4.5600000e-02   6.1325235e+00
   4.5700000e-02   6.1279277e+00
   4.5800000e-02   6.1233307e+00
   4.5900000e-02   6.1187323e+00
   4.6000000e-02   6.1141326e+00
   4.6100000e-02   6.1095314e+00
   4.6200000e-02   6.1049288e+00
   4.6300000e-02   6.1003246e+00
   4.6400000e-02   6.0957188e+00
   4.6500000e-02   6.0911114e+00
   4.6600000e-02   6.0865023e+00
   4.6700000e-02   6.0818915e+00
   4.6800000e-02   6.0772788e+00
   4.6900000e-02   6.0726643e+00
   4.7000000e-02   6.0680478e+00
   4.7100000e-02   6.0634294e+00
   4.7200000e-02   6.0588090e+00
   4.7300000e-02   6.0541864e+00
   4.7400000e-02   6.0495617e+00
   4.7500000e-02   6.0449348e+00
   4.7600000e-02   6.0403056e+00
   4.7700000e-02   6.0356742e+00
   4.7800000e-02   6.0310403e+00
   4.7900000e-02   6.0264040e+00
   4.8000000e-02   6.0217652e+00
   4.8100000e-02   6.0171239e+00
   4.8200000e-02   6.0124800e+00
   4.8300000e-02   6.0078333e+00
   4.8400000e-02   6.0031840e+00
   4.8500000e-02   5.9985319e+00
   4.8600000e-02   5.9938769e+00
   4.8700000e-02   5.9892190e+00
   4.8800000e-02   5.9845581e+00
   4.8900000e-02   5.9798942e+00
   4.9000000e-02   5.9752272e+00
   4.9100000e-02   5.9705571e+00
   4.9200000e-02   5.9658837e+00
   4.9300000e-02   5.9612071e+00
   4.9400000e-02   5.9565271e+00
   4.9500000e-02   5.9518437e+00
   4.9600000e-02   5.9471568e+00
   4.9700000e-02   5.9424664e+00
   4.9800000e-02   5.9377723e+00
   4.9900000e-02   5.9330746e+00
   5.0000000e-02   5.9283732e+00
   5.0100000e-02   5.9236680e+00
   5.0200000e-02   5.9189589e+00
   5.0300000e-02   5.9142458e+00
   5.0400000e-02   5.9095288e+00
   5.0500000e-02   5.9048077e+00
   5.0600000e-02   5.9000824e+00
   5.0700000e-02   5.8953529e+00
   5.0800000e-02   5.8906191e+00
   5.0900000e-02   5.8858810e+00
   5.1000000e-02   5.8811384e+00
   5.1100000e-02   5.8763914e+00
   5.1200000e-02   5.8716398e+00
   5.1300000e-02   5.8668835e+00
   5.1400000e-02   5.8621225e+00
   5.1500000e-02   5.8573567e+00
   5.1600000e-02   5.8525861e+00
   5.1700000e-02   5.8478105e+00
   5.1800000e-02   5.8430298e+00
   5.1900000e-02   5.8382441e+00
   5.2000000e-02   5.8334532e+00
   5.2100000e-02   5.8286570e+00
   5.2200000e-02   5.8238555e+00
   5.2300000e-02   5.8190486e+00
   5.2400000e-02   5.8142362e+00
   5.2500000e-02   5.8094181e+00
   5.2600000e-02   5.8045945e+00
   5.2700000e-02   5.7997650e+00
   5.2800000e-02   5.7949298e+00
   5.2900000e-02   5.7900886e+00
   5.3000000e-02   5.7852414e+00
   5.3100000e-02   5.7803881e+00
   5.3200000e-02   5.7755286e+00
   5.3300000e-02   5.7706628e+00
   5.3400000e-02   5.7657907e+00
   5.3500000e-02   5.7609121e+00
   5.3600000e-02   5.7560270e+00
   5.3700000e-02   5.7511352e+00
   5.3800000e-02   5.7462367e+00
   5.3900000e-02   5.7413316e+00
   5.4000000e-02   5.7364201e+00
   5.4100000e-02   5.7315023e+00
   5.4200000e-02   5.7265785e+00
   5.4300000e-02   5.7216490e+00
   5.4400000e-02   5.7167138e+00
   5.4500000e-02   5.7117732e+00
   5.4600000e-02   5.7068274e+00
   5.4700000e-02   5.7018766e+00
   5.4800000e-02   5.6969211e+00
   5.4900000e-02   5.6919610e+00
   5.5000000e-02   5.6869967e+00
   5.5100000e-02   5.6820282e+00
   5.5200000e-02   5.6770558e+00
   5.5300000e-02   5.6720798e+00
   5.5400000e-02   5.6671003e+00
   5.5500000e-02   5.6621177e+00
   5.5600000e-02   5.6571321e+00
   5.5700000e-02   5.6521437e+00
   5.5800000e-02   5.6471529e+00
   5.5900000e-02   5.6421597e+00
   5.6000000e-02   5.6371646e+00
   5.6100000e-02   5.6321676e+00
   5.6200000e-02   5.6271691e+00
   5.6300000e-02   5.6221693e+00
   5.6400000e-02   5.6171683e+00
   5.6500000e-02   5.6121666e+00
   5.6600000e-02   5.6071642e+00
   5.6700000e-02   5.6021614e+00
   5.6800000e-02   5.5971585e+00
   5.6900000e-02   5.5921558e+00
   5.7000000e-02   5.5871533e+00
   5.7100000e-02   5.5821515e+00
   5.7200000e-02   5.5771505e+00
   5.7300000e-02   5.5721506e+00
   5.7400000e-02   5.5671519e+00
   5.7500000e-02   5.5621548e+00
   5.7600000e-02   5.5571595e+00
   5.7700000e-02   5.5521662e+00
   5.7800000e-02   5.5471752e+00
   5.7900000e-02   5.5421866e+00
   5.8000000e-02   5.5372008e+00
   5.8100000e-02   5.5322179e+00
   5.8200000e-02   5.5272382e+00
   5.8300000e-02   5.5222619e+00
   5.8400000e-02   5.5172892e+00
   5.8500000e-02   5.5123204e+00
   5.8600000e-02   5.5073557e+00
   5.8700000e-02   5.5023952e+00
   5.8800000e-02   5.4974393e+00
   5.8900000e-02   5.4924882e+00
   5.9000000e-02   5.4875420e+00
   5.9100000e-02   5.4826010e+00
   5.9200000e-02   5.4776653e+00
   5.9300000e-02   5.4727353e+00
   5.9400000e-02   5.4678111e+00
   5.9500000e-02   5.4628928e+00
   5.9600000e-02   5.4579808e+00
   5.9700000e-02   5.4530751e+00
   5.9800000e-02   5.4481761e+00
   5.9900000e-02   5.4432839e+00
   6.0000000e-02   5.4383986e+00
   6.0100000e-02   5.4335205e+00
   6.0200000e-02   5.4286498e+00
   6.0300000e-02   5.4237865e+00
   6.0400000e-02   5.4189310e+00
   6.0500000e-02   5.4140834e+00
   6.0600000e-02   5.4092439e+00
   6.0700000e-02   5.4044125e+00
   6.0800000e-02   5.3995896e+00
   6.0900000e-02   5.3947752e+00
   6.1000000e-02   5.3899696e+00
   6.1100000e-02   5.3851728e+00
   6.1200000e-02   5.3803850e+00
   6.1300000e-02   5.3756064e+00
   6.1400000e-02   5.3708371e+00
   6.1500000e-02   5.3660773e+00
   6.1600000e-02   5.3613270e+00
   6.1700000e-02   5.3565865e+00
   6.1800000e-02   5.3518559e+00
   6.1900000e-02   5.3471353e+00
   6.2000000e-02   5.3424248e+00
   6.2100000e-02   5.3377245e+00
   6.2200000e-02   5.3330346e+00
   6.2300000e-02   5.3283552e+00
   6.2400000e-02   5.3236863e+00
   6.2500000e-02   5.3190282e+00
   6.2600000e-02   5.3143809e+00
   6.2700000e-02   5.3097445e+00
   6.2800000e-02   5.3051190e+00
   6.2900000e-02   5.3005047e+00
   6.3000000e-02   5.2959016e+00
   6.3100000e-02   5.2913098e+00
   6.3200000e-02   5.2867293e+00
   6.3300000e-02   5.2821603e+00
   6.3400000e-02   5.2776028e+00
   6.3500000e-02   5.2730570e+00
   6.3600000e-02   5.2685228e+00
   6.3700000e-02   5.2640004e+00
   6.3800000e-02   5.2594898e+00
   6.3900000e-02   5.2549911e+00
   6.4000000e-02   5.2505043e+00
   6.4100000e-02   5.2460296e+00
   6.4200000e-02   5.2415669e+00
   6.4300000e-02   5.2371164e+00
   6.4400000e-02   5.2326781e+00
   6.4500000e-02   5.2282521e+00
   6.4600000e-02   5.2238384e+00
   6.4700000e-02   5.2194371e+00
   6.4800000e-02   5.2150483e+00
   6.4900000e-02   5.2106720e+00
   6.5000000e-02   5.2063082e+00
   6.5100000e-02   5.2019570e+00
   6.5200000e-02   5.1976185e+00
   6.5300000e-02   5.1932927e+00
   6.5400000e-02   5.1889795e+00
   6.5500000e-02   5.1846792e+00
   6.5600000e-02   5.1803916e+00
   6.5700000e-02   5.1761168e+00
   6.5800000e-02   5.1718549e+00
   6.5900000e-02   5.1676058e+00
   6.6000000e-02   5.1633696e+00
   6.6100000e-02   5.1591463e+00
   6.6200000e-02   5.1549359e+00
   6.6300000e-02   5.1507385e+00
   6.6400000e-02   5.1465540e+00
   6.6500000e-02   5.1423825e+00
   6.6600000e-02   5.1382240e+00
   6.6700000e-02   5.1340784e+00
   6.6800000e-02   5.1299458e+00
   6.6900000e-02   5.1258262e+00
   6.7000000e-02   5.1217195e+00
   6.7100000e-02   5.1176259e+00
   6.7200000e-02   5.1135452e+00
   6.7300000e-02   5.1094774e+00
   6.7400000e-02   5.1054227e+00
   6.7500000e-02   5.1013809e+00
   6.7600000e-02   5.0973520e+00
   6.7700000e-02   5.0933360e+00
   6.7800000e-02   5.0893330e+00
   6.7900000e-02   5.0853428e+00
   6.8000000e-02   5.0813656e+00
   6.8100000e-02   5.0774012e+00
   6.8200000e-02   5.0734496e+00
   6.8300000e-02   5.0695109e+00
   6.8400000e-02   5.0655849e+00
   6.8500000e-02   5.0616717e+00
   6.8600000e-02   5.0577713e+00
   6.8700000e-02   5.0538836e+00
   6.8800000e-02   5.0500086e+00
   6.8900000e-02   5.0461463e+00
   6.9000000e-02   5.0422966e+00
   6.9100000e-02   5.0384595e+00
   6.9200000e-02   5.0346350e+00
   6.9300000e-02   5.0308230e+00
   6.9400000e-02   5.0270235e+00
   6.9500000e-02   5.0232365e+00
   6.9600000e-02   5.0194619e+00
   6.9700000e-02   5.0156998e+00
   6.9800000e-02   5.0119500e+00
   6.9900000e-02   5.0082125e+00
   7.0000000e-02   5.0044873e+00
   7.0100000e-02   5.0007744e+00
   7.0200000e-02   4.9970737e+00
   7.0300000e-02   4.9933851e+00
   7.0400000e-02   4.9897087e+00
   7.0500000e-02   4.9860444e+00
   7.0600000e-02   4.9823921e+00
   7.0700000e-02   4.9787518e+00
   7.0800000e-02   4.9751234e+00
   7.0900000e-02   4.9715070e+00
   7.1000000e-02   4.9679024e+00
   7.1100000e-02   4.9643097e+00
   7.1200000e-02   4.9607287e+00
   7.1300000e-02   4.9571595e+00
   7.1400000e-02   4.9536019e+00
   7.1500000e-02   4.9500560e+00
   7.1600000e-02   4.9465217e+00
   7.1700000e-02   4.9429989e+00
   7.1800000e-02   4.9394877e+00
   7.1900000e-02   4.9359878e+00
   7.2000000e-02   4.9324994e+00
   7.2100000e-02   4.9290223e+00
   7.2200000e-02   4.9255566e+00
   7.2300000e-02   4.9221020e+00
   7.2400000e-02   4.9186587e+00
   7.2500000e-02   4.9152266e+00
   7.2600000e-02   4.9118056e+00
   7.2700000e-02   4.9083956e+00
   7.2800000e-02   4.9049966e+00
   7.2900000e-02   4.9016086e+00
   7.3000000e-02   4.8982315e+00
   7.3100000e-02   4.8948652e+00
   7.3200000e-02   4.8915098e+00
   7.3300000e-02   4.8881651e+00
   7.3400000e-02   4.8848312e+00
   7.3500000e-02   4.8815079e+00
   7.3600000e-02   4.8781952e+00
   7.3700000e-02   4.8748930e+00
   7.3800000e-02   4.8716014e+00
   7.3900000e-02   4.8683202e+00
   7.4000000e-02   4.8650495e+00
   7.4100000e-02   4.8617890e+00
   7.4200000e-02   4.8585389e+00
   7.4300000e-02   4.8552991e+00
   7.4400000e-02   4.8520695e+00
   7.4500000e-02   4.8488500e+00
   7.4600000e-02   4.8456406e+00
   7.4700000e-02   4.8424413e+00
   7.4800000e-02   4.8392520e+00
   7.4900000e-02   4.8360727e+00
   7.5000000e-02   4.8329032e+00
   7.5100000e-02   4.8297437e+00
   7.5200000e-02   4.8265939e+00
   7.5300000e-02   4.8234539e+00
   7.5400000e-02   4.8203236e+00
   7.5500000e-02   4.8172030e+00
   7.5600000e-02   4.8140919e+00
   7.5700000e-02   4.8109905e+00
   7.5800000e-02   4.8078985e+00
   7.5900000e-02   4.8048161e+00
   7.6000000e-02   4.8017430e+00
   7.6100000e-02   4.7986793e+00
   7.6200000e-02   4.7956250e+00
   7.6300000e-02   4.7925799e+00
   7.6400000e-02   4.7895440e+00
   7.6500000e-02   4.7865173e+00
   7.6600000e-02   4.7834998e+00
   7.6700000e-02   4.7804913e+00
   7.6800000e-02   4.7774919e+00
   7.6900000e-02   4.7745015e+00
   7.7000000e-02   4.7715200e+00
   7.7100000e-02   4.7685474e+00
   7.7200000e-02   4.7655836e+00
   7.7300000e-02   4.7626287e+00
   7.7400000e-02   4.7596825e+00
   7.7500000e-02   4.7567450e+00
   7.7600000e-02   4.7538162e+00
   7.7700000e-02   4.7508961e+00
   7.7800000e-02   4.7479845e+00
   7.7900000e-02   4.7450813e+00
   7.8000000e-02   4.7421866e+00
   7.8100000e-02   4.7393001e+00
   7.8200000e-02   4.7364218e+00
   7.8300000e-02   4.7335516e+00
   7.8400000e-02   4.7306893e+00
   7.8500000e-02   4.7278348e+00
   7.8600000e-02   4.7249881e+00
   7.8700000e-02   4.7221491e+00
   7.8800000e-02   4.7193176e+00
   7.8900000e-02   4.7164936e+00
   7.9000000e-02   4.7136769e+00
   7.9100000e-02   4.7108676e+00
   7.9200000e-02   4.7080654e+00
   7.9300000e-02   4.7052704e+00
   7.9400000e-02   4.7024824e+00
   7.9500000e-02   4.6997013e+00
   7.9600000e-02   4.6969271e+00
   7.9700000e-02   4.6941596e+00
   7.9800000e-02   4.6913989e+00
   7.9900000e-02   4.6886447e+00
   8.0000000e-02   4.6858971e+00
   8.0100000e-02   4.6831560e+00
   8.0200000e-02   4.6804213e+00
   8.0300000e-02   4.6776928e+00
   8.0400000e-02   4.6749707e+00
   8.0500000e-02   4.6722547e+00
   8.0600000e-02   4.6695447e+00
   8.0700000e-02   4.6668409e+00
   8.0800000e-02   4.6641430e+00
   8.0900000e-02   4.6614509e+00
   8.1000000e-02   4.6587648e+00
   8.1100000e-02   4.6560843e+00
   8.1200000e-02   4.6534096e+00
   8.1300000e-02   4.6507405e+00
   8.1400000e-02   4.6480770e+00
   8.1500000e-02   4.6454191e+00
   8.1600000e-02   4.6427665e+00
   8.1700000e-02   4.6401194e+00
   8.1800000e-02   4.6374776e+00
   8.1900000e-02   4.6348411e+00
   8.2000000e-02   4.6322098e+00
   8.2100000e-02   4.6295837e+00
   8.2200000e-02   4.6269627e+00
   8.2300000e-02   4.6243468e+00
   8.2400000e-02   4.6217359e+00
   8.2500000e-02   4.6191299e+00
   8.2600000e-02   4.6165288e+00
   8.2700000e-02   4.6139326e+00
   8.2800000e-02   4.6113411e+00
   8.2900000e-02   4.6087544e+00
   8.3000000e-02   4.6061724e+00
   8.3100000e-02   4.6035951e+00
   8.3200000e-02   4.6010224e+00
   8.3300000e-02   4.5984542e+00
   8.3400000e-02   4.5958905e+00
   8.3500000e-02   4.5933313e+00
   8.3600000e-02   4.5907765e+00
   8.3700000e-02   4.5882261e+00
   8.3800000e-02   4.5856800e+00
   8.3900000e-02   4.5831382e+00
   8.4000000e-02   4.5806006e+00
   8.4100000e-02   4.5780672e+00
   8.4200000e-02   4.5755380e+00
   8.4300000e-02   4.5730129e+00
   8.4400000e-02   4.5704918e+00
   8.4500000e-02   4.5679748e+00
   8.4600000e-02   4.5654618e+00
   8.4700000e-02   4.5629527e+00
   8.4800000e-02   4.5604475e+00
   8.4900000e-02   4.5579463e+00
   8.5000000e-02   4.5554488e+00
   8.5100000e-02   4.5529551e+00
   8.5200000e-02   4.5504652e+00
   8.5300000e-02   4.5479791e+00
   8.5400000e-02   4.5454966e+00
   8.5500000e-02   4.5430177e+00
   8.5600000e-02   4.5405425e+00
   8.5700000e-02   4.5380708e+00
   8.5800000e-02   4.5356027e+00
   8.5900000e-02   4.5331381e+00
   8.6000000e-02   4.5306770e+00
   8.6100000e-02   4.5282193e+00
   8.6200000e-02   4.5257650e+00
   8.6300000e-02   4.5233141e+00
   8.6400000e-02   4.5208665e+00
   8.6500000e-02   4.5184223e+00
   8.6600000e-02   4.5159813e+00
   8.6700000e-02   4.5135435e+00
   8.6800000e-02   4.5111090e+00
   8.6900000e-02   4.5086777e+00
   8.7000000e-02   4.5062495e+00
   8.7100000e-02   4.5038244e+00
   8.7200000e-02   4.5014024e+00
   8.7300000e-02   4.4989835e+00
   8.7400000e-02   4.4965676e+00
   8.7500000e-02   4.4941547e+00
   8.7600000e-02   4.4917448e+00
   8.7700000e-02   4.4893378e+00
   8.7800000e-02   4.4869338e+00
   8.7900000e-02   4.4845326e+00
   8.8000000e-02   4.4821343e+00
   8.8100000e-02   4.4797389e+00
   8.8200000e-02   4.4773462e+00
   8.8300000e-02   4.4749563e+00
   8.8400000e-02   4.4725692e+00
   8.8500000e-02   4.4701848e+00
   8.8600000e-02   4.4678031e+00
   8.8700000e-02   4.4654240e+00
   8.8800000e-02   4.4630476e+00
   8.8900000e-02   4.4606739e+00
   8.9000000e-02   4.4583027e+00
   8.9100000e-02   4.4559341e+00
   8.9200000e-02   4.4535681e+00
   8.9300000e-02   4.4512046e+00
   8.9400000e-02   4.4488435e+00
   8.9500000e-02   4.4464850e+00
   8.9600000e-02   4.4441289e+00
   8.9700000e-02   4.4417752e+00
   8.9800000e-02   4.4394240e+00
   8.9900000e-02   4.4370751e+00
   9.0000000e-02   4.4347285e+00
   9.0100000e-02   4.4323843e+00
   9.0200000e-02   4.4300424e+00
   9.0300000e-02   4.4277028e+00
   9.0400000e-02   4.4253655e+00
   9.0500000e-02   4.4230304e+00
   9.0600000e-02   4.4206975e+00
   9.0700000e-02   4.4183669e+00
   9.0800000e-02   4.4160384e+00
   9.0900000e-02   4.4137120e+00
   9.1000000e-02   4.4113878e+00
   9.1100000e-02   4.4090657e+00
   9.1200000e-02   4.4067458e+00
   9.1300000e-02   4.4044278e+00
   9.1400000e-02   4.4021120e+00
   9.1500000e-02   4.3997981e+00
   9.1600000e-02   4.3974863e+00
   9.1700000e-02   4.3951765e+00
   9.1800000e-02   4.3928686e+00
   9.1900000e-02   4.3905627e+00
   9.2000000e-02   4.3882587e+00
   9.2100000e-02   4.3859566e+00
   9.2200000e-02   4.3836564e+00
   9.2300000e-02   4.3813581e+00
   9.2400000e-02   4.3790617e+00
   9.2500000e-02   4.3767671e+00
   9.2600000e-02   4.3744743e+00
   9.2700000e-02   4.3721832e+00
   9.2800000e-02   4.3698940e+00
   9.2900000e-02   4.3676065e+00
   9.3000000e-02   4.3653208e+00
   9.3100000e-02   4.3630368e+00
   9.3200000e-02   4.3607545e+00
   9.3300000e-02   4.3584739e+00
   9.3400000e-02   4.3561949e+00
   9.3500000e-02   4.3539176e+00
   9.3600000e-02   4.3516420e+00
   9.3700000e-02   4.3493679e+00
   9.3800000e-02   4.3470955e+00
   9.3900000e-02   4.3448246e+00
   9.4000000e-02   4.3425553e+00
   9.4100000e-02   4.3402876e+00
   9.4200000e-02   4.3380213e+00
   9.4300000e-02   4.3357566e+00
   9.4400000e-02   4.3334934e+00
   9.4500000e-02   4.3312317e+00
   9.4600000e-02   4.3289714e+00
   9.4700000e-02   4.3267126e+00
   9.4800000e-02   4.3244552e+00
   9.4900000e-02   4.3221992e+00
   9.5000000e-02   4.3199446e+00
   9.5100000e-02   4.3176914e+00
   9.5200000e-02   4.3154395e+00
   9.5300000e-02   4.3131890e+00
   9.5400000e-02   4.3109399e+00
   9.5500000e-02   4.3086920e+00
   9.5600000e-02   4.3064455e+00
   9.5700000e-02   4.3042002e+00
   9.5800000e-02   4.3019562e+00
   9.5900000e-02   4.2997135e+00
   9.6000000e-02   4.2974720e+00
   9.6100000e-02   4.2952318e+00
   9.6200000e-02   4.2929927e+00
   9.6300000e-02   4.2907548e+00
   9.6400000e-02   4.2885182e+00
   9.6500000e-02   4.2862826e+00
   9.6600000e-02   4.2840483e+00
   9.6700000e-02   4.2818150e+00
   9.6800000e-02   4.2795829e+00
   9.6900000e-02   4.2773519e+00
   9.7000000e-02   4.2751220e+00
   9.7100000e-02   4.2728931e+00
   9.7200000e-02   4.2706653e+00
   9.7300000e-02   4.2684386e+00
   9.7400000e-02   4.2662129e+00
   9.7500000e-02   4.2639882e+00
   9.7600000e-02   4.2617645e+00
   9.7700000e-02   4.2595418e+00
   9.7800000e-02   4.2573201e+00
   9.7900000e-02   4.2550994e+00
   9.8000000e-02   4.2528796e+00
   9.8100000e-02   4.2506607e+00
   9.8200000e-02   4.2484427e+00
   9.8300000e-02   4.2462257e+00
   9.8400000e-02   4.2440095e+00
   9.8500000e-02   4.2417943e+00
   9.8600000e-02   4.2395800e+00
   9.8700000e-02   4.2373665e+00
   9.8800000e-02   4.2351539e+00
   9.8900000e-02   4.2329422e+00
   9.9000000e-02   4.2307314e+00
   9.9100000e-02   4.2285215e+00
   9.9200000e-02   4.2263124e+00
   9.9300000e-02   4.2241041e+00
   9.9400000e-02   4.2218967e+00
   9.9500000e-02   4.2196902e+00
   9.9600000e-02   4.2174844e+00
   9.9700000e-02   4.2152795e+00
   9.9800000e-02   4.2130755e+00
   9.9900000e-02   4.2108722e+00
   1.0000000e-01   4.2086698e+00
   1.0010000e-01   4.2064682e+00
   1.0020000e-01   4.2042674e+00
   1.0030000e-01   4.2020674e+00
   1.0040000e-01   4.1998681e+00
   1.0050000e-01   4.1976697e+00
   1.0060000e-01   4.1954721e+00
   1.0070000e-01   4.1932752e+00
   1.0080000e-01   4.1910791e+00
   1.0090000e-01   4.1888837e+00
   1.0100000e-01   4.1866892e+00
   1.0110000e-01   4.1844953e+00
   1.0120000e-01   4.1823023e+00
   1.0130000e-01   4.1801099e+00
   1.0140000e-01   4.1779183e+00
   1.0150000e-01   4.1757275e+00
   1.0160000e-01   4.1735373e+00
   1.0170000e-01   4.1713479e+00
   1.0180000e-01   4.1691593e+00
   1.0190000e-01   4.1669713e+00
   1.0200000e-01   4.1647840e+00
   1.0210000e-01   4.1625974e+00
   1.0220000e-01   4.1604116e+00
   1.0230000e-01   4.1582264e+00
   1.0240000e-01   4.1560419e+00
   1.0250000e-01   4.1538581e+00
   1.0260000e-01   4.1516750e+00
   1.0270000e-01   4.1494925e+00
   1.0280000e-01   4.1473107e+00
   1.0290000e-01   4.1451296e+00
   1.0300000e-01   4.1429491e+00
   1.0310000e-01   4.1407693e+00
   1.0320000e-01   4.1385902e+00
   1.0330000e-01   4.1364116e+00
   1.0340000e-01   4.1342337e+00
   1.0350000e-01   4.1320565e+00
   1.0360000e-01   4.1298798e+00
   1.0370000e-01   4.1277038e+00
   1.0380000e-01   4.1255284e+00
   1.0390000e-01   4.1233536e+00
   1.0400000e-01   4.1211795e+00
   1.0410000e-01   4.1190059e+00
   1.0420000e-01   4.1168329e+00
   1.0430000e-01   4.1146605e+00
   1.0440000e-01   4.1124887e+00
   1.0450000e-01   4.1103175e+00
   1.0460000e-01   4.1081469e+00
   1.0470000e-01   4.1059768e+00
   1.0480000e-01   4.1038073e+00
   1.0490000e-01   4.1016384e+00
   1.0500000e-01   4.0994700e+00
   1.0510000e-01   4.0973022e+00
   1.0520000e-01   4.0951349e+00
   1.0530000e-01   4.0929682e+00
   1.0540000e-01   4.0908020e+00
   1.0550000e-01   4.0886364e+00
   1.0560000e-01   4.0864712e+00
   1.0570000e-01   4.0843067e+00
   1.0580000e-01   4.0821426e+00
   1.0590000e-01   4.0799790e+00
   1.0600000e-01   4.0778160e+00
   1.0610000e-01   4.0756534e+00
   1.0620000e-01   4.0734914e+00
   1.0630000e-01   4.0713299e+00
   1.0640000e-01   4.0691688e+00
   1.0650000e-01   4.0670083e+00
   1.0660000e-01   4.0648482e+00
   1.0670000e-01   4.0626886e+00
   1.0680000e-01   4.0605295e+00
   1.0690000e-01   4.0583708e+00
   1.0700000e-01   4.0562127e+00
   1.0710000e-01   4.0540549e+00
   1.0720000e-01   4.0518977e+00
   1.0730000e-01   4.0497409e+00
   1.0740000e-01   4.0475845e+00
   1.0750000e-01   4.0454286e+00
   1.0760000e-01   4.0432731e+00
   1.0770000e-01   4.0411180e+00
   1.0780000e-01   4.0389634e+00
   1.0790000e-01   4.0368092e+00
   1.0800000e-01   4.0346554e+00
   1.0810000e-01   4.0325021e+00
   1.0820000e-01   4.0303491e+00
   1.0830000e-01   4.0281966e+00
   1.0840000e-01   4.0260445e+00
   1.0850000e-01   4.0238927e+00
   1.0860000e-01   4.0217414e+00
   1.0870000e-01   4.0195904e+00
   1.0880000e-01   4.0174398e+00
   1.0890000e-01   4.0152896e+00
   1.0900000e-01   4.0131398e+00
   1.0910000e-01   4.0109904e+00
   1.0920000e-01   4.0088413e+00
   1.0930000e-01   4.0066926e+00
   1.0940000e-01   4.0045442e+00
   1.0950000e-01   4.0023962e+00
   1.0960000e-01   4.0002486e+00
   1.0970000e-01   3.9981013e+00
   1.0980000e-01   3.9959543e+00
   1.0990000e-01   3.9938077e+00
   1.1000000e-01   3.9916614e+00
   1.1010000e-01   3.9895154e+00
   1.1020000e-01   3.9873698e+00
   1.1030000e-01   3.9852245e+00
   1.1040000e-01   3.9830795e+00
   1.1050000e-01   3.9809348e+00
   1.1060000e-01   3.9787904e+00
   1.1070000e-01   3.9766463e+00
   1.1080000e-01   3.9745025e+00
   1.1090000e-01   3.9723590e+00
   1.1100000e-01   3.9702158e+00
   1.1110000e-01   3.9680729e+00
   1.1120000e-01   3.9659303e+00
   1.1130000e-01   3.9637879e+00
   1.1140000e-01   3.9616458e+00
   1.1150000e-01   3.9595040e+00
   1.1160000e-01   3.9573624e+00
   1.1170000e-01   3.9552211e+00
   1.1180000e-01   3.9530801e+00
   1.1190000e-01   3.9509393e+00
   1.1200000e-01   3.9487988e+00
   1.1210000e-01   3.9466585e+00
   1.1220000e-01   3.9445184e+00
   1.1230000e-01   3.9423786e+00
   1.1240000e-01   3.9402390e+00
   1.1250000e-01   3.9380996e+00
   1.1260000e-01   3.9359605e+00
   1.1270000e-01   3.9338216e+00
   1.1280000e-01   3.9316828e+00
   1.1290000e-01   3.9295443e+00
   1.1300000e-01   3.9274060e+00
   1.1310000e-01   3.9252680e+00
   1.1320000e-01   3.9231301e+00
   1.1330000e-01   3.9209924e+00
   1.1340000e-01   3.9188548e+00
   1.1350000e-01   3.9167175e+00
   1.1360000e-01   3.9145804e+00
   1.1370000e-01   3.9124434e+00
   1.1380000e-01   3.9103066e+00
   1.1390000e-01   3.9081699e+00
   1.1400000e-01   3.9060335e+00
   1.1410000e-01   3.9038972e+00
   1.1420000e-01   3.9017610e+00
   1.1430000e-01   3.8996250e+00
   1.1440000e-01   3.8974892e+00
   1.1450000e-01   3.8953535e+00
   1.1460000e-01   3.8932179e+00
   1.1470000e-01   3.8910824e+00
   1.1480000e-01   3.8889471e+00
   1.1490000e-01   3.8868120e+00
   1.1500000e-01   3.8846769e+00
   1.1510000e-01   3.8825420e+00
   1.1520000e-01   3.8804072e+00
   1.1530000e-01   3.8782725e+00
   1.1540000e-01   3.8761379e+00
   1.1550000e-01   3.8740034e+00
   1.1560000e-01   3.8718689e+00
   1.1570000e-01   3.8697346e+00
   1.1580000e-01   3.8676004e+00
   1.1590000e-01   3.8654663e+00
   1.1600000e-01   3.8633322e+00
   1.1610000e-01   3.8611983e+00
   1.1620000e-01   3.8590644e+00
   1.1630000e-01   3.8569306e+00
   1.1640000e-01   3.8547968e+00
   1.1650000e-01   3.8526631e+00
   1.1660000e-01   3.8505295e+00
   1.1670000e-01   3.8483959e+00
   1.1680000e-01   3.8462623e+00
   1.1690000e-01   3.8441288e+00
   1.1700000e-01   3.8419954e+00
   1.1710000e-01   3.8398620e+00
   1.1720000e-01   3.8377286e+00
   1.1730000e-01   3.8355952e+00
   1.1740000e-01   3.8334619e+00
   1.1750000e-01   3.8313286e+00
   1.1760000e-01   3.8291953e+00
   1.1770000e-01   3.8270621e+00
   1.1780000e-01   3.8249288e+00
   1.1790000e-01   3.8227955e+00
   1.1800000e-01   3.8206623e+00
   1.1810000e-01   3.8185290e+00
   1.1820000e-01   3.8163957e+00
   1.1830000e-01   3.8142625e+00
   1.1840000e-01   3.8121292e+00
   1.1850000e-01   3.8099958e+00
   1.1860000e-01   3.8078625e+00
   1.1870000e-01   3.8057291e+00
   1.1880000e-01   3.8035957e+00
   1.1890000e-01   3.8014623e+00
   1.1900000e-01   3.7993288e+00
   1.1910000e-01   3.7971953e+00
   1.1920000e-01   3.7950617e+00
   1.1930000e-01   3.7929281e+00
   1.1940000e-01   3.7907944e+00
   1.1950000e-01   3.7886607e+00
   1.1960000e-01   3.7865269e+00
   1.1970000e-01   3.7843930e+00
   1.1980000e-01   3.7822591e+00
   1.1990000e-01   3.7801251e+00
   1.2000000e-01   3.7779910e+00
   1.2010000e-01   3.7758568e+00
   1.2020000e-01   3.7737225e+00
   1.2030000e-01   3.7715882e+00
   1.2040000e-01   3.7694537e+00
   1.2050000e-01   3.7673191e+00
   1.2060000e-01   3.7651845e+00
   1.2070000e-01   3.7630497e+00
   1.2080000e-01   3.7609148e+00
   1.2090000e-01   3.7587798e+00
   1.2100000e-01   3.7566447e+00
   1.2110000e-01   3.7545094e+00
   1.2120000e-01   3.7523740e+00
   1.2130000e-01   3.7502385e+00
   1.2140000e-01   3.7481029e+00
   1.2150000e-01   3.7459671e+00
   1.2160000e-01   3.7438312e+00
   1.2170000e-01   3.7416952e+00
   1.2180000e-01   3.7395590e+00
   1.2190000e-01   3.7374228e+00
   1.2200000e-01   3.7352865e+00
   1.2210000e-01   3.7331501e+00
   1.2220000e-01   3.7310137e+00
   1.2230000e-01   3.7288772e+00
   1.2240000e-01   3.7267406e+00
   1.2250000e-01   3.7246040e+00
   1.2260000e-01   3.7224674e+00
   1.2270000e-01   3.7203307e+00
   1.2280000e-01   3.7181940e+00
   1.2290000e-01   3.7160573e+00
   1.2300000e-01   3.7139206e+00
   1.2310000e-01   3.7117840e+00
   1.2320000e-01   3.7096473e+00
   1.2330000e-01   3.7075107e+00
   1.2340000e-01   3.7053741e+00
   1.2350000e-01   3.7032375e+00
   1.2360000e-01   3.7011010e+00
   1.2370000e-01   3.6989646e+00
   1.2380000e-01   3.6968282e+00
   1.2390000e-01   3.6946920e+00
   1.2400000e-01   3.6925558e+00
   1.2410000e-01   3.6904197e+00
   1.2420000e-01   3.6882837e+00
   1.2430000e-01   3.6861478e+00
   1.2440000e-01   3.6840121e+00
   1.2450000e-01   3.6818765e+00
   1.2460000e-01   3.6797410e+00
   1.2470000e-01   3.6776057e+00
   1.2480000e-01   3.6754705e+00
   1.2490000e-01   3.6733355e+00
   1.2500000e-01   3.6712007e+00
   1.2510000e-01   3.6690661e+00
   1.2520000e-01   3.6669316e+00
   1.2530000e-01   3.6647974e+00
   1.2540000e-01   3.6626634e+00
   1.2550000e-01   3.6605296e+00
   1.2560000e-01   3.6583960e+00
   1.2570000e-01   3.6562627e+00
   1.2580000e-01   3.6541296e+00
   1.2590000e-01   3.6519968e+00
   1.2600000e-01   3.6498642e+00
   1.2610000e-01   3.6477319e+00
   1.2620000e-01   3.6455999e+00
   1.2630000e-01   3.6434682e+00
   1.2640000e-01   3.6413367e+00
   1.2650000e-01   3.6392056e+00
   1.2660000e-01   3.6370748e+00
   1.2670000e-01   3.6349443e+00
   1.2680000e-01   3.6328142e+00
   1.2690000e-01   3.6306844e+00
   1.2700000e-01   3.6285549e+00
   1.2710000e-01   3.6264258e+00
   1.2720000e-01   3.6242971e+00
   1.2730000e-01   3.6221687e+00
   1.2740000e-01   3.6200408e+00
   1.2750000e-01   3.6179132e+00
   1.2760000e-01   3.6157860e+00
   1.2770000e-01   3.6136592e+00
   1.2780000e-01   3.6115329e+00
   1.2790000e-01   3.6094070e+00
   1.2800000e-01   3.6072815e+00
   1.2810000e-01   3.6051564e+00
   1.2820000e-01   3.6030318e+00
   1.2830000e-01   3.6009077e+00
   1.2840000e-01   3.5987840e+00
   1.2850000e-01   3.5966608e+00
   1.2860000e-01   3.5945381e+00
   1.2870000e-01   3.5924159e+00
   1.2880000e-01   3.5902941e+00
   1.2890000e-01   3.5881729e+00
   1.2900000e-01   3.5860522e+00
   1.2910000e-01   3.5839321e+00
   1.2920000e-01   3.5818124e+00
   1.2930000e-01   3.5796933e+00
   1.2940000e-01   3.5775748e+00
   1.2950000e-01   3.5754568e+00
   1.2960000e-01   3.5733393e+00
   1.2970000e-01   3.5712225e+00
   1.2980000e-01   3.5691062e+00
   1.2990000e-01   3.5669905e+00
   1.3000000e-01   3.5648755e+00
   1.3010000e-01   3.5627610e+00
   1.3020000e-01   3.5606471e+00
   1.3030000e-01   3.5585339e+00
   1.3040000e-01   3.5564212e+00
   1.3050000e-01   3.5543093e+00
   1.3060000e-01   3.5521979e+00
   1.3070000e-01   3.5500873e+00
   1.3080000e-01   3.5479772e+00
   1.3090000e-01   3.5458679e+00
   1.3100000e-01   3.5437592e+00
   1.3110000e-01   3.5416512e+00
   1.3120000e-01   3.5395439e+00
   1.3130000e-01   3.5374373e+00
   1.3140000e-01   3.5353314e+00
   1.3150000e-01   3.5332262e+00
   1.3160000e-01   3.5311217e+00
   1.3170000e-01   3.5290180e+00
   1.3180000e-01   3.5269150e+00
   1.3190000e-01   3.5248127e+00
   1.3200000e-01   3.5227112e+00
   1.3210000e-01   3.5206105e+00
   1.3220000e-01   3.5185105e+00
   1.3230000e-01   3.5164113e+00
   1.3240000e-01   3.5143129e+00
   1.3250000e-01   3.5122153e+00
   1.3260000e-01   3.5101184e+00
   1.3270000e-01   3.5080224e+00
   1.3280000e-01   3.5059272e+00
   1.3290000e-01   3.5038327e+00
   1.3300000e-01   3.5017392e+00
   1.3310000e-01   3.4996464e+00
   1.3320000e-01   3.4975545e+00
   1.3330000e-01   3.4954634e+00
   1.3340000e-01   3.4933732e+00
   1.3350000e-01   3.4912838e+00
   1.3360000e-01   3.4891953e+00
   1.3370000e-01   3.4871077e+00
   1.3380000e-01   3.4850210e+00
   1.3390000e-01   3.4829351e+00
   1.3400000e-01   3.4808502e+00
   1.3410000e-01   3.4787661e+00
   1.3420000e-01   3.4766830e+00
   1.3430000e-01   3.4746008e+00
   1.3440000e-01   3.4725194e+00
   1.3450000e-01   3.4704391e+00
   1.3460000e-01   3.4683596e+00
   1.3470000e-01   3.4662811e+00
   1.3480000e-01   3.4642036e+00
   1.3490000e-01   3.4621270e+00
   1.3500000e-01   3.4600513e+00
   1.3510000e-01   3.4579766e+00
   1.3520000e-01   3.4559029e+00
   1.3530000e-01   3.4538302e+00
   1.3540000e-01   3.4517585e+00
   1.3550000e-01   3.4496877e+00
   1.3560000e-01   3.4476180e+00
   1.3570000e-01   3.4455493e+00
   1.3580000e-01   3.4434815e+00
   1.3590000e-01   3.4414148e+00
   1.3600000e-01   3.4393492e+00
   1.3610000e-01   3.4372845e+00
   1.3620000e-01   3.4352209e+00
   1.3630000e-01   3.4331583e+00
   1.3640000e-01   3.4310968e+00
   1.3650000e-01   3.4290363e+00
   1.3660000e-01   3.4269769e+00
   1.3670000e-01   3.4249186e+00
   1.3680000e-01   3.4228613e+00
   1.3690000e-01   3.4208052e+00
   1.3700000e-01   3.4187501e+00
   1.3710000e-01   3.4166960e+00
   1.3720000e-01   3.4146431e+00
   1.3730000e-01   3.4125913e+00
   1.3740000e-01   3.4105406e+00
   1.3750000e-01   3.4084910e+00
   1.3760000e-01   3.4064425e+00
   1.3770000e-01   3.4043952e+00
   1.3780000e-01   3.4023490e+00
   1.3790000e-01   3.4003039e+00
   1.3800000e-01   3.3982599e+00
   1.3810000e-01   3.3962171e+00
   1.3820000e-01   3.3941755e+00
   1.3830000e-01   3.3921350e+00
   1.3840000e-01   3.3900957e+00
   1.3850000e-01   3.3880575e+00
   1.3860000e-01   3.3860206e+00
   1.3870000e-01   3.3839847e+00
   1.3880000e-01   3.3819501e+00
   1.3890000e-01   3.3799167e+00
   1.3900000e-01   3.3778845e+00
   1.3910000e-01   3.3758534e+00
   1.3920000e-01   3.3738236e+00
   1.3930000e-01   3.3717950e+00
   1.3940000e-01   3.3697675e+00
   1.3950000e-01   3.3677414e+00
   1.3960000e-01   3.3657164e+00
   1.3970000e-01   3.3636926e+00
   1.3980000e-01   3.3616701e+00
   1.3990000e-01   3.3596489e+00
   1.4000000e-01   3.3576288e+00
   1.4010000e-01   3.3556101e+00
   1.4020000e-01   3.3535925e+00
   1.4030000e-01   3.3515763e+00
   1.4040000e-01   3.3495613e+00
   1.4050000e-01   3.3475475e+00
   1.4060000e-01   3.3455351e+00
   1.4070000e-01   3.3435239e+00
   1.4080000e-01   3.3415140e+00
   1.4090000e-01   3.3395053e+00
   1.4100000e-01   3.3374980e+00
   1.4110000e-01   3.3354919e+00
   1.4120000e-01   3.3334872e+00
   1.4130000e-01   3.3314837e+00
   1.4140000e-01   3.3294816e+00
   1.4150000e-01   3.3274808e+00
   1.4160000e-01   3.3254813e+00
   1.4170000e-01   3.3234831e+00
   1.4180000e-01   3.3214862e+00
   1.4190000e-01   3.3194906e+00
   1.4200000e-01   3.3174964e+00
   1.4210000e-01   3.3155035e+00
   1.4220000e-01   3.3135120e+00
   1.4230000e-01   3.3115218e+00
   1.4240000e-01   3.3095329e+00
   1.4250000e-01   3.3075454e+00
   1.4260000e-01   3.3055593e+00
   1.4270000e-01   3.3035745e+00
   1.4280000e-01   3.3015911e+00
   1.4290000e-01   3.2996090e+00
   1.4300000e-01   3.2976283e+00
   1.4310000e-01   3.2956490e+00
   1.4320000e-01   3.2936711e+00
   1.4330000e-01   3.2916945e+00
   1.4340000e-01   3.2897193e+00
   1.4350000e-01   3.2877455e+00
   1.4360000e-01   3.2857731e+00
   1.4370000e-01   3.2838021e+00
   1.4380000e-01   3.2818325e+00
   1.4390000e-01   3.2798643e+00
   1.4400000e-01   3.2778975e+00
   1.4410000e-01   3.2759321e+00
   1.4420000e-01   3.2739681e+00
   1.4430000e-01   3.2720056e+00
   1.4440000e-01   3.2700444e+00
   1.4450000e-01   3.2680847e+00
   1.4460000e-01   3.2661264e+00
   1.4470000e-01   3.2641695e+00
   1.4480000e-01   3.2622140e+00
   1.4490000e-01   3.2602600e+00
   1.4500000e-01   3.2583074e+00
   1.4510000e-01   3.2563563e+00
   1.4520000e-01   3.2544066e+00
   1.4530000e-01   3.2524583e+00
   1.4540000e-01   3.2505115e+00
   1.4550000e-01   3.2485661e+00
   1.4560000e-01   3.2466222e+00
   1.4570000e-01   3.2446798e+00
   1.4580000e-01   3.2427387e+00
   1.4590000e-01   3.2407991e+00
   1.4600000e-01   3.2388609e+00
   1.4610000e-01   3.2369242e+00
   1.4620000e-01   3.2349888e+00
   1.4630000e-01   3.2330549e+00
   1.4640000e-01   3.2311223e+00
   1.4650000e-01   3.2291912e+00
   1.4660000e-01   3.2272614e+00
   1.4670000e-01   3.2253331e+00
   1.4680000e-01   3.2234061e+00
   1.4690000e-01   3.2214805e+00
   1.4700000e-01   3.2195562e+00
   1.4710000e-01   3.2176334e+00
   1.4720000e-01   3.2157119e+00
   1.4730000e-01   3.2137917e+00
   1.4740000e-01   3.2118729e+00
   1.4750000e-01   3.2099554e+00
   1.4760000e-01   3.2080393e+00
   1.4770000e-01   3.2061245e+00
   1.4780000e-01   3.2042111e+00
   1.4790000e-01   3.2022989e+00
   1.4800000e-01   3.2003881e+00
   1.4810000e-01   3.1984786e+00
   1.4820000e-01   3.1965704e+00
   1.4830000e-01   3.1946635e+00
   1.4840000e-01   3.1927579e+00
   1.4850000e-01   3.1908536e+00
   1.4860000e-01   3.1889506e+00
   1.4870000e-01   3.1870489e+00
   1.4880000e-01   3.1851484e+00
   1.4890000e-01   3.1832493e+00
   1.4900000e-01   3.1813514e+00
   1.4910000e-01   3.1794547e+00
   1.4920000e-01   3.1775594e+00
   1.4930000e-01   3.1756653e+00
   1.4940000e-01   3.1737724e+00
   1.4950000e-01   3.1718808e+00
   1.4960000e-01   3.1699904e+00
   1.4970000e-01   3.1681013e+00
   1.4980000e-01   3.1662134e+00
   1.4990000e-01   3.1643267e+00
   1.5000000e-01   3.1624412e+00
   1.5010000e-01   3.1605570e+00
   1.5020000e-01   3.1586740e+00
   1.5030000e-01   3.1567922e+00
   1.5040000e-01   3.1549116e+00
   1.5050000e-01   3.1530321e+00
   1.5060000e-01   3.1511539e+00
   1.5070000e-01   3.1492769e+00
   1.5080000e-01   3.1474011e+00
   1.5090000e-01   3.1455265e+00
   1.5100000e-01   3.1436530e+00
   1.5110000e-01   3.1417807e+00
   1.5120000e-01   3.1399096e+00
   1.5130000e-01   3.1380396e+00
   1.5140000e-01   3.1361709e+00
   1.5150000e-01   3.1343032e+00
   1.5160000e-01   3.1324367e+00
   1.5170000e-01   3.1305714e+00
   1.5180000e-01   3.1287072e+00
   1.5190000e-01   3.1268442e+00
   1.5200000e-01   3.1249823e+00
   1.5210000e-01   3.1231215e+00
   1.5220000e-01   3.1212619e+00
   1.5230000e-01   3.1194034e+00
   1.5240000e-01   3.1175460e+00
   1.5250000e-01   3.1156897e+00
   1.5260000e-01   3.1138345e+00
   1.5270000e-01   3.1119805e+00
   1.5280000e-01   3.1101275e+00
   1.5290000e-01   3.1082756e+00
   1.5300000e-01   3.1064249e+00
   1.5310000e-01   3.1045752e+00
   1.5320000e-01   3.1027266e+00
   1.5330000e-01   3.1008792e+00
   1.5340000e-01   3.0990327e+00
   1.5350000e-01   3.0971874e+00
   1.5360000e-01   3.0953432e+00
   1.5370000e-01   3.0935000e+00
   1.5380000e-01   3.0916578e+00
   1.5390000e-01   3.0898168e+00
   1.5400000e-01   3.0879768e+00
   1.5410000e-01   3.0861378e+00
   1.5420000e-01   3.0842999e+00
   1.5430000e-01   3.0824631e+00
   1.5440000e-01   3.0806273e+00
   1.5450000e-01   3.0787925e+00
   1.5460000e-01   3.0769587e+00
   1.5470000e-01   3.0751260e+00
   1.5480000e-01   3.0732944e+00
   1.5490000e-01   3.0714637e+00
   1.5500000e-01   3.0696341e+00
   1.5510000e-01   3.0678055e+00
   1.5520000e-01   3.0659779e+00
   1.5530000e-01   3.0641513e+00
   1.5540000e-01   3.0623257e+00
   1.5550000e-01   3.0605011e+00
   1.5560000e-01   3.0586775e+00
   1.5570000e-01   3.0568549e+00
   1.5580000e-01   3.0550334e+00
   1.5590000e-01   3.0532128e+00
   1.5600000e-01   3.0513931e+00
   1.5610000e-01   3.0495745e+00
   1.5620000e-01   3.0477568e+00
   1.5630000e-01   3.0459402e+00
   1.5640000e-01   3.0441244e+00
   1.5650000e-01   3.0423097e+00
   1.5660000e-01   3.0404959e+00
   1.5670000e-01   3.0386831e+00
   1.5680000e-01   3.0368713e+00
   1.5690000e-01   3.0350603e+00
   1.5700000e-01   3.0332504e+00
   1.5710000e-01   3.0314414e+00
   1.5720000e-01   3.0296333e+00
   1.5730000e-01   3.0278262e+00
   1.5740000e-01   3.0260200e+00
   1.5750000e-01   3.0242148e+00
   1.5760000e-01   3.0224105e+00
   1.5770000e-01   3.0206071e+00
   1.5780000e-01   3.0188046e+00
   1.5790000e-01   3.0170031e+00
   1.5800000e-01   3.0152025e+00
   1.5810000e-01   3.0134028e+00
   1.5820000e-01   3.0116040e+00
   1.5830000e-01   3.0098061e+00
   1.5840000e-01   3.0080091e+00
   1.5850000e-01   3.0062131e+00
   1.5860000e-01   3.0044179e+00
   1.5870000e-01   3.0026236e+00
   1.5880000e-01   3.0008302e+00
   1.5890000e-01   2.9990377e+00
   1.5900000e-01   2.9972461e+00
   1.5910000e-01   2.9954554e+00
   1.5920000e-01   2.9936656e+00
   1.5930000e-01   2.9918766e+00
   1.5940000e-01   2.9900885e+00
   1.5950000e-01   2.9883013e+00
   1.5960000e-01   2.9865150e+00
   1.5970000e-01   2.9847295e+00
   1.5980000e-01   2.9829449e+00
   1.5990000e-01   2.9811611e+00
   1.6000000e-01   2.9793782e+00
   1.6010000e-01   2.9775962e+00
   1.6020000e-01   2.9758150e+00
   1.6030000e-01   2.9740347e+00
   1.6040000e-01   2.9722552e+00
   1.6050000e-01   2.9704765e+00
   1.6060000e-01   2.9686987e+00
   1.6070000e-01   2.9669217e+00
   1.6080000e-01   2.9651456e+00
   1.6090000e-01   2.9633703e+00
   1.6100000e-01   2.9615958e+00
   1.6110000e-01   2.9598221e+00
   1.6120000e-01   2.9580493e+00
   1.6130000e-01   2.9562773e+00
   1.6140000e-01   2.9545061e+00
   1.6150000e-01   2.9527357e+00
   1.6160000e-01   2.9509661e+00
   1.6170000e-01   2.9491973e+00
   1.6180000e-01   2.9474294e+00
   1.6190000e-01   2.9456622e+00
   1.6200000e-01   2.9438959e+00
   1.6210000e-01   2.9421303e+00
   1.6220000e-01   2.9403655e+00
   1.6230000e-01   2.9386015e+00
   1.6240000e-01   2.9368384e+00
   1.6250000e-01   2.9350760e+00
   1.6260000e-01   2.9333143e+00
   1.6270000e-01   2.9315535e+00
   1.6280000e-01   2.9297935e+00
   1.6290000e-01   2.9280342e+00
   1.6300000e-01   2.9262757e+00
   1.6310000e-01   2.9245179e+00
   1.6320000e-01   2.9227610e+00
   1.6330000e-01   2.9210048e+00
   1.6340000e-01   2.9192493e+00
   1.6350000e-01   2.9174946e+00
   1.6360000e-01   2.9157407e+00
   1.6370000e-01   2.9139876e+00
   1.6380000e-01   2.9122351e+00
   1.6390000e-01   2.9104835e+00
   1.6400000e-01   2.9087326e+00
   1.6410000e-01   2.9069824e+00
   1.6420000e-01   2.9052329e+00
   1.6430000e-01   2.9034843e+00
   1.6440000e-01   2.9017363e+00
   1.6450000e-01   2.8999891e+00
   1.6460000e-01   2.8982426e+00
   1.6470000e-01   2.8964968e+00
   1.6480000e-01   2.8947518e+00
   1.6490000e-01   2.8930075e+00
   1.6500000e-01   2.8912639e+00
   1.6510000e-01   2.8895210e+00
   1.6520000e-01   2.8877789e+00
   1.6530000e-01   2.8860374e+00
   1.6540000e-01   2.8842967e+00
   1.6550000e-01   2.8825567e+00
   1.6560000e-01   2.8808174e+00
   1.6570000e-01   2.8790788e+00
   1.6580000e-01   2.8773409e+00
   1.6590000e-01   2.8756037e+00
   1.6600000e-01   2.8738672e+00
   1.6610000e-01   2.8721314e+00
   1.6620000e-01   2.8703963e+00
   1.6630000e-01   2.8686618e+00
   1.6640000e-01   2.8669281e+00
   1.6650000e-01   2.8651951e+00
   1.6660000e-01   2.8634627e+00
   1.6670000e-01   2.8617310e+00
   1.6680000e-01   2.8600000e+00
   1.6690000e-01   2.8582697e+00
   1.6700000e-01   2.8565400e+00
   1.6710000e-01   2.8548110e+00
   1.6720000e-01   2.8530827e+00
   1.6730000e-01   2.8513551e+00
   1.6740000e-01   2.8496281e+00
   1.6750000e-01   2.8479018e+00
   1.6760000e-01   2.8461761e+00
   1.6770000e-01   2.8444511e+00
   1.6780000e-01   2.8427267e+00
   1.6790000e-01   2.8410030e+00
   1.6800000e-01   2.8392800e+00
   1.6810000e-01   2.8375576e+00
   1.6820000e-01   2.8358359e+00
   1.6830000e-01   2.8341148e+00
   1.6840000e-01   2.8323943e+00
   1.6850000e-01   2.8306745e+00
   1.6860000e-01   2.8289553e+00
   1.6870000e-01   2.8272368e+00
   1.6880000e-01   2.8255188e+00
   1.6890000e-01   2.8238016e+00
   1.6900000e-01   2.8220849e+00
   1.6910000e-01   2.8203689e+00
   1.6920000e-01   2.8186535e+00
   1.6930000e-01   2.8169387e+00
   1.6940000e-01   2.8152246e+00
   1.6950000e-01   2.8135110e+00
   1.6960000e-01   2.8117981e+00
   1.6970000e-01   2.8100858e+00
   1.6980000e-01   2.8083741e+00
   1.6990000e-01   2.8066630e+00
   1.7000000e-01   2.8049525e+00
   1.7010000e-01   2.8032427e+00
   1.7020000e-01   2.8015334e+00
   1.7030000e-01   2.7998247e+00
   1.7040000e-01   2.7981166e+00
   1.7050000e-01   2.7964092e+00
   1.7060000e-01   2.7947023e+00
   1.7070000e-01   2.7929960e+00
   1.7080000e-01   2.7912903e+00
   1.7090000e-01   2.7895852e+00
   1.7100000e-01   2.7878807e+00
   1.7110000e-01   2.7861768e+00
   1.7120000e-01   2.7844734e+00
   1.7130000e-01   2.7827707e+00
   1.7140000e-01   2.7810685e+00
   1.7150000e-01   2.7793669e+00
   1.7160000e-01   2.7776658e+00
   1.7170000e-01   2.7759654e+00
   1.7180000e-01   2.7742655e+00
   1.7190000e-01   2.7725661e+00
   1.7200000e-01   2.7708674e+00
   1.7210000e-01   2.7691692e+00
   1.7220000e-01   2.7674716e+00
   1.7230000e-01   2.7657745e+00
   1.7240000e-01   2.7640780e+00
   1.7250000e-01   2.7623820e+00
   1.7260000e-01   2.7606866e+00
   1.7270000e-01   2.7589918e+00
   1.7280000e-01   2.7572975e+00
   1.7290000e-01   2.7556038e+00
   1.7300000e-01   2.7539106e+00
   1.7310000e-01   2.7522179e+00
   1.7320000e-01   2.7505258e+00
   1.7330000e-01   2.7488342e+00
   1.7340000e-01   2.7471432e+00
   1.7350000e-01   2.7454527e+00
   1.7360000e-01   2.7437627e+00
   1.7370000e-01   2.7420733e+00
   1.7380000e-01   2.7403844e+00
   1.7390000e-01   2.7386960e+00
   1.7400000e-01   2.7370081e+00
   1.7410000e-01   2.7353207e+00
   1.7420000e-01   2.7336338e+00
   1.7430000e-01   2.7319475e+00
   1.7440000e-01   2.7302616e+00
   1.7450000e-01   2.7285762e+00
   1.7460000e-01   2.7268913e+00
   1.7470000e-01   2.7252069e+00
   1.7480000e-01   2.7235229e+00
   1.7490000e-01   2.7218395e+00
   1.7500000e-01   2.7201565e+00
   1.7510000e-01   2.7184740e+00
   1.7520000e-01   2.7167919e+00
   1.7530000e-01   2.7151103e+00
   1.7540000e-01   2.7134292e+00
   1.7550000e-01   2.7117485e+00
   1.7560000e-01   2.7100683e+00
   1.7570000e-01   2.7083885e+00
   1.7580000e-01   2.7067092e+00
   1.7590000e-01   2.7050302e+00
   1.7600000e-01   2.7033518e+00
   1.7610000e-01   2.7016737e+00
   1.7620000e-01   2.6999961e+00
   1.7630000e-01   2.6983189e+00
   1.7640000e-01   2.6966421e+00
   1.7650000e-01   2.6949657e+00
   1.7660000e-01   2.6932897e+00
   1.7670000e-01   2.6916142e+00
   1.7680000e-01   2.6899390e+00
   1.7690000e-01   2.6882643e+00
   1.7700000e-01   2.6865899e+00
   1.7710000e-01   2.6849159e+00
   1.7720000e-01   2.6832423e+00
   1.7730000e-01   2.6815691e+00
   1.7740000e-01   2.6798963e+00
   1.7750000e-01   2.6782238e+00
   1.7760000e-01   2.6765517e+00
   1.7770000e-01   2.6748800e+00
   1.7780000e-01   2.6732087e+00
   1.7790000e-01   2.6715377e+00
   1.7800000e-01   2.6698670e+00
   1.7810000e-01   2.6681968e+00
   1.7820000e-01   2.6665268e+00
   1.7830000e-01   2.6648572e+00
   1.7840000e-01   2.6631880e+00
   1.7850000e-01   2.6615191e+00
   1.7860000e-01   2.6598505e+00
   1.7870000e-01   2.6581823e+00
   1.7880000e-01   2.6565143e+00
   1.7890000e-01   2.6548467e+00
   1.7900000e-01   2.6531795e+00
   1.7910000e-01   2.6515125e+00
   1.7920000e-01   2.6498458e+00
   1.7930000e-01   2.6481795e+00
   1.7940000e-01   2.6465135e+00
   1.7950000e-01   2.6448477e+00
   1.7960000e-01   2.6431823e+00
   1.7970000e-01   2.6415171e+00
   1.7980000e-01   2.6398523e+00
   1.7990000e-01   2.6381877e+00
   1.8000000e-01   2.6365234e+00
   1.8010000e-01   2.6348594e+00
   1.8020000e-01   2.6331957e+00
   1.8030000e-01   2.6315322e+00
   1.8040000e-01   2.6298690e+00
   1.8050000e-01   2.6282061e+00
   1.8060000e-01   2.6265434e+00
   1.8070000e-01   2.6248810e+00
   1.8080000e-01   2.6232189e+00
   1.8090000e-01   2.6215570e+00
   1.8100000e-01   2.6198953e+00
   1.8110000e-01   2.6182339e+00
   1.8120000e-01   2.6165727e+00
   1.8130000e-01   2.6149118e+00
   1.8140000e-01   2.6132511e+00
   1.8150000e-01   2.6115906e+00
   1.8160000e-01   2.6099304e+00
   1.8170000e-01   2.6082703e+00
   1.8180000e-01   2.6066105e+00
   1.8190000e-01   2.6049509e+00
   1.8200000e-01   2.6032916e+00
   1.8210000e-01   2.6016324e+00
   1.8220000e-01   2.5999734e+00
   1.8230000e-01   2.5983147e+00
   1.8240000e-01   2.5966561e+00
   1.8250000e-01   2.5949977e+00
   1.8260000e-01   2.5933395e+00
   1.8270000e-01   2.5916815e+00
   1.8280000e-01   2.5900237e+00
   1.8290000e-01   2.5883661e+00
   1.8300000e-01   2.5867086e+00
   1.8310000e-01   2.5850514e+00
   1.8320000e-01   2.5833943e+00
   1.8330000e-01   2.5817373e+00
   1.8340000e-01   2.5800805e+00
   1.8350000e-01   2.5784239e+00
   1.8360000e-01   2.5767675e+00
   1.8370000e-01   2.5751111e+00
   1.8380000e-01   2.5734550e+00
   1.8390000e-01   2.5717990e+00
   1.8400000e-01   2.5701431e+00
   1.8410000e-01   2.5684874e+00
   1.8420000e-01   2.5668318e+00
   1.8430000e-01   2.5651763e+00
   1.8440000e-01   2.5635210e+00
   1.8450000e-01   2.5618658e+00
   1.8460000e-01   2.5602107e+00
   1.8470000e-01   2.5585557e+00
   1.8480000e-01   2.5569009e+00
   1.8490000e-01   2.5552461e+00
   1.8500000e-01   2.5535915e+00
   1.8510000e-01   2.5519370e+00
   1.8520000e-01   2.5502825e+00
   1.8530000e-01   2.5486282e+00
   1.8540000e-01   2.5469740e+00
   1.8550000e-01   2.5453198e+00
   1.8560000e-01   2.5436658e+00
   1.8570000e-01   2.5420118e+00
   1.8580000e-01   2.5403579e+00
   1.8590000e-01   2.5387041e+00
   1.8600000e-01   2.5370504e+00
   1.8610000e-01   2.5353967e+00
   1.8620000e-01   2.5337431e+00
   1.8630000e-01   2.5320896e+00
   1.8640000e-01   2.5304361e+00
   1.8650000e-01   2.5287827e+00
   1.8660000e-01   2.5271294e+00
   1.8670000e-01   2.5254761e+00
   1.8680000e-01   2.5238228e+00
   1.8690000e-01   2.5221696e+00
   1.8700000e-01   2.5205164e+00
   1.8710000e-01   2.5188633e+00
   1.8720000e-01   2.5172102e+00
   1.8730000e-01   2.5155571e+00
   1.8740000e-01   2.5139041e+00
   1.8750000e-01   2.5122511e+00
   1.8760000e-01   2.5105981e+00
   1.8770000e-01   2.5089451e+00
   1.8780000e-01   2.5072921e+00
   1.8790000e-01   2.5056392e+00
   1.8800000e-01   2.5039862e+00
   1.8810000e-01   2.5023333e+00
   1.8820000e-01   2.5006803e+00
   1.8830000e-01   2.4990274e+00
   1.8840000e-01   2.4973745e+00
   1.8850000e-01   2.4957215e+00
   1.8860000e-01   2.4940685e+00
   1.8870000e-01   2.4924155e+00
   1.8880000e-01   2.4907625e+00
   1.8890000e-01   2.4891095e+00
   1.8900000e-01   2.4874564e+00
   1.8910000e-01   2.4858033e+00
   1.8920000e-01   2.4841502e+00
   1.8930000e-01   2.4824971e+00
   1.8940000e-01   2.4808439e+00
   1.8950000e-01   2.4791906e+00
   1.8960000e-01   2.4775373e+00
   1.8970000e-01   2.4758840e+00
   1.8980000e-01   2.4742306e+00
   1.8990000e-01   2.4725772e+00
   1.9000000e-01   2.4709236e+00
   1.9010000e-01   2.4692701e+00
   1.9020000e-01   2.4676164e+00
   1.9030000e-01   2.4659627e+00
   1.9040000e-01   2.4643089e+00
   1.9050000e-01   2.4626551e+00
   1.9060000e-01   2.4610011e+00
   1.9070000e-01   2.4593471e+00
   1.9080000e-01   2.4576930e+00
   1.9090000e-01   2.4560388e+00
   1.9100000e-01   2.4543845e+00
   1.9110000e-01   2.4527301e+00
   1.9120000e-01   2.4510756e+00
   1.9130000e-01   2.4494210e+00
   1.9140000e-01   2.4477663e+00
   1.9150000e-01   2.4461115e+00
   1.9160000e-01   2.4444566e+00
   1.9170000e-01   2.4428016e+00
   1.9180000e-01   2.4411464e+00
   1.9190000e-01   2.4394911e+00
   1.9200000e-01   2.4378357e+00
   1.9210000e-01   2.4361801e+00
   1.9220000e-01   2.4345244e+00
   1.9230000e-01   2.4328686e+00
   1.9240000e-01   2.4312126e+00
   1.9250000e-01   2.4295565e+00
   1.9260000e-01   2.4279003e+00
   1.9270000e-01   2.4262439e+00
   1.9280000e-01   2.4245873e+00
   1.9290000e-01   2.4229306e+00
   1.9300000e-01   2.4212737e+00
   1.9310000e-01   2.4196166e+00
   1.9320000e-01   2.4179594e+00
   1.9330000e-01   2.4163020e+00
   1.9340000e-01   2.4146445e+00
   1.9350000e-01   2.4129867e+00
   1.9360000e-01   2.4113288e+00
   1.9370000e-01   2.4096707e+00
   1.9380000e-01   2.4080123e+00
   1.9390000e-01   2.4063538e+00
   1.9400000e-01   2.4046952e+00
   1.9410000e-01   2.4030363e+00
   1.9420000e-01   2.4013772e+00
   1.9430000e-01   2.3997178e+00
   1.9440000e-01   2.3980583e+00
   1.9450000e-01   2.3963986e+00
   1.9460000e-01   2.3947386e+00
   1.9470000e-01   2.3930785e+00
   1.9480000e-01   2.3914181e+00
   1.9490000e-01   2.3897574e+00
   1.9500000e-01   2.3880966e+00
   1.9510000e-01   2.3864355e+00
   1.9520000e-01   2.3847742e+00
   1.9530000e-01   2.3831126e+00
   1.9540000e-01   2.3814508e+00
   1.9550000e-01   2.3797887e+00
   1.9560000e-01   2.3781264e+00
   1.9570000e-01   2.3764638e+00
   1.9580000e-01   2.3748010e+00
   1.9590000e-01   2.3731379e+00
   1.9600000e-01   2.3714745e+00
   1.9610000e-01   2.3698108e+00
   1.9620000e-01   2.3681469e+00
   1.9630000e-01   2.3664827e+00
   1.9640000e-01   2.3648183e+00
   1.9650000e-01   2.3631535e+00
   1.9660000e-01   2.3614885e+00
   1.9670000e-01   2.3598231e+00
   1.9680000e-01   2.3581575e+00
   1.9690000e-01   2.3564915e+00
   1.9700000e-01   2.3548253e+00
   1.9710000e-01   2.3531587e+00
   1.9720000e-01   2.3514919e+00
   1.9730000e-01   2.3498247e+00
   1.9740000e-01   2.3481572e+00
   1.9750000e-01   2.3464894e+00
   1.9760000e-01   2.3448213e+00
   1.9770000e-01   2.3431528e+00
   1.9780000e-01   2.3414840e+00
   1.9790000e-01   2.3398149e+00
   1.9800000e-01   2.3381454e+00
   1.9810000e-01   2.3364756e+00
   1.9820000e-01   2.3348054e+00
   1.9830000e-01   2.3331349e+00
   1.9840000e-01   2.3314640e+00
   1.9850000e-01   2.3297928e+00
   1.9860000e-01   2.3281212e+00
   1.9870000e-01   2.3264492e+00
   1.9880000e-01   2.3247769e+00
   1.9890000e-01   2.3231042e+00
   1.9900000e-01   2.3214311e+00
   1.9910000e-01   2.3197577e+00
   1.9920000e-01   2.3180838e+00
   1.9930000e-01   2.3164096e+00
   1.9940000e-01   2.3147350e+00
   1.9950000e-01   2.3130599e+00
   1.9960000e-01   2.3113845e+00
   1.9970000e-01   2.3097087e+00
   1.9980000e-01   2.3080324e+00
   1.9990000e-01   2.3063558e+00
   2.0000000e-01   2.3046787e+00
   2.0010000e-01   2.3030012e+00
   2.0020000e-01   2.3013233e+00
   2.0030000e-01   2.2996450e+00
   2.0040000e-01   2.2979662e+00
   2.0050000e-01   2.2962870e+00
   2.0060000e-01   2.2946074e+00
   2.0070000e-01   2.2929273e+00
   2.0080000e-01   2.2912468e+00
   2.0090000e-01   2.2895658e+00
   2.0100000e-01   2.2878844e+00
   2.0110000e-01   2.2862025e+00
   2.0120000e-01   2.2845201e+00
   2.0130000e-01   2.2828373e+00
   2.0140000e-01   2.2811540e+00
   2.0150000e-01   2.2794702e+00
   2.0160000e-01   2.2777859e+00
   2.0170000e-01   2.2761012e+00
   2.0180000e-01   2.2744160e+00
   2.0190000e-01   2.2727303e+00
   2.0200000e-01   2.2710441e+00
   2.0210000e-01   2.2693574e+00
   2.0220000e-01   2.2676702e+00
   2.0230000e-01   2.2659824e+00
   2.0240000e-01   2.2642942e+00
   2.0250000e-01   2.2626055e+00
   2.0260000e-01   2.2609162e+00
   2.0270000e-01   2.2592264e+00
   2.0280000e-01   2.2575361e+00
   2.0290000e-01   2.2558452e+00
   2.0300000e-01   2.2541539e+00
   2.0310000e-01   2.2524619e+00
   2.0320000e-01   2.2507695e+00
   2.0330000e-01   2.2490764e+00
   2.0340000e-01   2.2473829e+00
   2.0350000e-01   2.2456888e+00
   2.0360000e-01   2.2439941e+00
   2.0370000e-01   2.2422988e+00
   2.0380000e-01   2.2406031e+00
   2.0390000e-01   2.2389067e+00
   2.0400000e-01   2.2372098e+00
   2.0410000e-01   2.2355124e+00
   2.0420000e-01   2.2338144e+00
   2.0430000e-01   2.2321159e+00
   2.0440000e-01   2.2304168e+00
   2.0450000e-01   2.2287171e+00
   2.0460000e-01   2.2270169e+00
   2.0470000e-01   2.2253161e+00
   2.0480000e-01   2.2236148e+00
   2.0490000e-01   2.2219129e+00
   2.0500000e-01   2.2202104e+00
   2.0510000e-01   2.2185074e+00
   2.0520000e-01   2.2168039e+00
   2.0530000e-01   2.2150998e+00
   2.0540000e-01   2.2133951e+00
   2.0550000e-01   2.2116898e+00
   2.0560000e-01   2.2099840e+00
   2.0570000e-01   2.2082777e+00
   2.0580000e-01   2.2065708e+00
   2.0590000e-01   2.2048633e+00
   2.0600000e-01   2.2031552e+00
   2.0610000e-01   2.2014466e+00
   2.0620000e-01   2.1997375e+00
   2.0630000e-01   2.1980277e+00
   2.0640000e-01   2.1963175e+00
   2.0650000e-01   2.1946066e+00
   2.0660000e-01   2.1928952e+00
   2.0670000e-01   2.1911832e+00
   2.0680000e-01   2.1894707e+00
   2.0690000e-01   2.1877575e+00
   2.0700000e-01   2.1860439e+00
   2.0710000e-01   2.1843296e+00
   2.0720000e-01   2.1826148e+00
   2.0730000e-01   2.1808994e+00
   2.0740000e-01   2.1791835e+00
   2.0750000e-01   2.1774670e+00
   2.0760000e-01   2.1757499e+00
   2.0770000e-01   2.1740323e+00
   2.0780000e-01   2.1723141e+00
   2.0790000e-01   2.1705953e+00
   2.0800000e-01   2.1688759e+00
   2.0810000e-01   2.1671560e+00
   2.0820000e-01   2.1654355e+00
   2.0830000e-01   2.1637144e+00
   2.0840000e-01   2.1619928e+00
   2.0850000e-01   2.1602706e+00
   2.0860000e-01   2.1585478e+00
   2.0870000e-01   2.1568245e+00
   2.0880000e-01   2.1551006e+00
   2.0890000e-01   2.1533761e+00
   2.0900000e-01   2.1516510e+00
   2.0910000e-01   2.1499254e+00
   2.0920000e-01   2.1481991e+00
   2.0930000e-01   2.1464724e+00
   2.0940000e-01   2.1447450e+00
   2.0950000e-01   2.1430170e+00
   2.0960000e-01   2.1412885e+00
   2.0970000e-01   2.1395594e+00
   2.0980000e-01   2.1378298e+00
   2.0990000e-01   2.1360995e+00
   2.1000000e-01   2.1343687e+00
   2.1010000e-01   2.1326373e+00
   2.1020000e-01   2.1309053e+00
   2.1030000e-01   2.1291728e+00
   2.1040000e-01   2.1274396e+00
   2.1050000e-01   2.1257059e+00
   2.1060000e-01   2.1239716e+00
   2.1070000e-01   2.1222367e+00
   2.1080000e-01   2.1205013e+00
   2.1090000e-01   2.1187652e+00
   2.1100000e-01   2.1170286e+00
   2.1110000e-01   2.1152914e+00
   2.1120000e-01   2.1135536e+00
   2.1130000e-01   2.1118153e+00
   2.1140000e-01   2.1100763e+00
   2.1150000e-01   2.1083368e+00
   2.1160000e-01   2.1065966e+00
   2.1170000e-01   2.1048559e+00
   2.1180000e-01   2.1031147e+00
   2.1190000e-01   2.1013728e+00
   2.1200000e-01   2.0996303e+00
   2.1210000e-01   2.0978873e+00
   2.1220000e-01   2.0961436e+00
   2.1230000e-01   2.0943994e+00
   2.1240000e-01   2.0926546e+00
   2.1250000e-01   2.0909092e+00
   2.1260000e-01   2.0891632e+00
   2.1270000e-01   2.0874167e+00
   2.1280000e-01   2.0856695e+00
   2.1290000e-01   2.0839218e+00
   2.1300000e-01   2.0821734e+00
   2.1310000e-01   2.0804245e+00
   2.1320000e-01   2.0786750e+00
   2.1330000e-01   2.0769249e+00
   2.1340000e-01   2.0751742e+00
   2.1350000e-01   2.0734229e+00
   2.1360000e-01   2.0716710e+00
   2.1370000e-01   2.0699185e+00
   2.1380000e-01   2.0681654e+00
   2.1390000e-01   2.0664118e+00
   2.1400000e-01   2.0646575e+00
   2.1410000e-01   2.0629026e+00
   2.1420000e-01   2.0611472e+00
   2.1430000e-01   2.0593912e+00
   2.1440000e-01   2.0576345e+00
   2.1450000e-01   2.0558773e+00
   2.1460000e-01   2.0541194e+00
   2.1470000e-01   2.0523610e+00
   2.1480000e-01   2.0506020e+00
   2.1490000e-01   2.0488423e+00
   2.1500000e-01   2.0470821e+00
   2.1510000e-01   2.0453213e+00
   2.1520000e-01   2.0435599e+00
   2.1530000e-01   2.0417978e+00
   2.1540000e-01   2.0400352e+00
   2.1550000e-01   2.0382720e+00
   2.1560000e-01   2.0365082e+00
   2.1570000e-01   2.0347437e+00
   2.1580000e-01   2.0329787e+00
   2.1590000e-01   2.0312131e+00
   2.1600000e-01   2.0294469e+00
   2.1610000e-01   2.0276800e+00
   2.1620000e-01   2.0259126e+00
   2.1630000e-01   2.0241445e+00
   2.1640000e-01   2.0223759e+00
   2.1650000e-01   2.0206066e+00
   2.1660000e-01   2.0188368e+00
   2.1670000e-01   2.0170663e+00
   2.1680000e-01   2.0152952e+00
   2.1690000e-01   2.0135236e+00
   2.1700000e-01   2.0117513e+00
   2.1710000e-01   2.0099784e+00
   2.1720000e-01   2.0082049e+00
   2.1730000e-01   2.0064308e+00
   2.1740000e-01   2.0046561e+00
   2.1750000e-01   2.0028807e+00
   2.1760000e-01   2.0011048e+00
   2.1770000e-01   1.9993282e+00
   2.1780000e-01   1.9975511e+00
   2.1790000e-01   1.9957733e+00
   2.1800000e-01   1.9939949e+00
   2.1810000e-01   1.9922159e+00
   2.1820000e-01   1.9904363e+00
   2.1830000e-01   1.9886561e+00
   2.1840000e-01   1.9868753e+00
   2.1850000e-01   1.9850939e+00
   2.1860000e-01   1.9833118e+00
   2.1870000e-01   1.9815291e+00
   2.1880000e-01   1.9797458e+00
   2.1890000e-01   1.9779619e+00
   2.1900000e-01   1.9761774e+00
   2.1910000e-01   1.9743923e+00
   2.1920000e-01   1.9726065e+00
   2.1930000e-01   1.9708202e+00
   2.1940000e-01   1.9690332e+00
   2.1950000e-01   1.9672456e+00
   2.1960000e-01   1.9654573e+00
   2.1970000e-01   1.9636685e+00
   2.1980000e-01   1.9618790e+00
   2.1990000e-01   1.9600890e+00
   2.2000000e-01   1.9582983e+00
   2.2010000e-01   1.9565069e+00
   2.2020000e-01   1.9547150e+00
   2.2030000e-01   1.9529224e+00
   2.2040000e-01   1.9511292e+00
   2.2050000e-01   1.9493354e+00
   2.2060000e-01   1.9475410e+00
   2.2070000e-01   1.9457459e+00
   2.2080000e-01   1.9439502e+00
   2.2090000e-01   1.9421539e+00
   2.2100000e-01   1.9403570e+00
   2.2110000e-01   1.9385594e+00
   2.2120000e-01   1.9367613e+00
   2.2130000e-01   1.9349625e+00
   2.2140000e-01   1.9331630e+00
   2.2150000e-01   1.9313630e+00
   2.2160000e-01   1.9295623e+00
   2.2170000e-01   1.9277609e+00
   2.2180000e-01   1.9259590e+00
   2.2190000e-01   1.9241564e+00
   2.2200000e-01   1.9223532e+00
   2.2210000e-01   1.9205494e+00
   2.2220000e-01   1.9187449e+00
   2.2230000e-01   1.9169398e+00
   2.2240000e-01   1.9151341e+00
   2.2250000e-01   1.9133277e+00
   2.2260000e-01   1.9115207e+00
   2.2270000e-01   1.9097131e+00
   2.2280000e-01   1.9079048e+00
   2.2290000e-01   1.9060959e+00
   2.2300000e-01   1.9042864e+00
   2.2310000e-01   1.9024763e+00
   2.2320000e-01   1.9006655e+00
   2.2330000e-01   1.8988540e+00
   2.2340000e-01   1.8970420e+00
   2.2350000e-01   1.8952293e+00
   2.2360000e-01   1.8934159e+00
   2.2370000e-01   1.8916019e+00
   2.2380000e-01   1.8897873e+00
   2.2390000e-01   1.8879721e+00
   2.2400000e-01   1.8861562e+00
   2.2410000e-01   1.8843396e+00
   2.2420000e-01   1.8825225e+00
   2.2430000e-01   1.8807046e+00
   2.2440000e-01   1.8788862e+00
   2.2450000e-01   1.8770671e+00
   2.2460000e-01   1.8752474e+00
   2.2470000e-01   1.8734270e+00
   2.2480000e-01   1.8716060e+00
   2.2490000e-01   1.8697843e+00
   2.2500000e-01   1.8679620e+00
   2.2510000e-01   1.8661390e+00
   2.2520000e-01   1.8643154e+00
   2.2530000e-01   1.8624912e+00
   2.2540000e-01   1.8606663e+00
   2.2550000e-01   1.8588408e+00
   2.2560000e-01   1.8570146e+00
   2.2570000e-01   1.8551878e+00
   2.2580000e-01   1.8533603e+00
   2.2590000e-01   1.8515322e+00
   2.2600000e-01   1.8497034e+00
   2.2610000e-01   1.8478740e+00
   2.2620000e-01   1.8460439e+00
   2.2630000e-01   1.8442132e+00
   2.2640000e-01   1.8423818e+00
   2.2650000e-01   1.8405498e+00
   2.2660000e-01   1.8387171e+00
   2.2670000e-01   1.8368838e+00
   2.2680000e-01   1.8350498e+00
   2.2690000e-01   1.8332152e+00
   2.2700000e-01   1.8313799e+00
   2.2710000e-01   1.8295440e+00
   2.2720000e-01   1.8277074e+00
   2.2730000e-01   1.8258702e+00
   2.2740000e-01   1.8240323e+00
   2.2750000e-01   1.8221937e+00
   2.2760000e-01   1.8203545e+00
   2.2770000e-01   1.8185146e+00
   2.2780000e-01   1.8166741e+00
   2.2790000e-01   1.8148329e+00
   2.2800000e-01   1.8129911e+00
   2.2810000e-01   1.8111486e+00
   2.2820000e-01   1.8093055e+00
   2.2830000e-01   1.8074616e+00
   2.2840000e-01   1.8056172e+00
   2.2850000e-01   1.8037720e+00
   2.2860000e-01   1.8019262e+00
   2.2870000e-01   1.8000798e+00
   2.2880000e-01   1.7982327e+00
   2.2890000e-01   1.7963849e+00
   2.2900000e-01   1.7945364e+00
   2.2910000e-01   1.7926873e+00
   2.2920000e-01   1.7908376e+00
   2.2930000e-01   1.7889871e+00
   2.2940000e-01   1.7871360e+00
   2.2950000e-01   1.7852842e+00
   2.2960000e-01   1.7834318e+00
   2.2970000e-01   1.7815787e+00
   2.2980000e-01   1.7797250e+00
   2.2990000e-01   1.7778705e+00
   2.3000000e-01   1.7760154e+00
   2.3010000e-01   1.7741596e+00
   2.3020000e-01   1.7723032e+00
   2.3030000e-01   1.7704461e+00
   2.3040000e-01   1.7685883e+00
   2.3050000e-01   1.7667299e+00
   2.3060000e-01   1.7648708e+00
   2.3070000e-01   1.7630110e+00
   2.3080000e-01   1.7611505e+00
   2.3090000e-01   1.7592894e+00
   2.3100000e-01   1.7574276e+00
   2.3110000e-01   1.7555651e+00
   2.3120000e-01   1.7537019e+00
   2.3130000e-01   1.7518381e+00
   2.3140000e-01   1.7499736e+00
   2.3150000e-01   1.7481084e+00
   2.3160000e-01   1.7462426e+00
   2.3170000e-01   1.7443760e+00
   2.3180000e-01   1.7425088e+00
   2.3190000e-01   1.7406408e+00
   2.3200000e-01   1.7387721e+00
   2.3210000e-01   1.7369028e+00
   2.3220000e-01   1.7350327e+00
   2.3230000e-01   1.7331618e+00
   2.3240000e-01   1.7312902e+00
   2.3250000e-01   1.7294179e+00
   2.3260000e-01   1.7275448e+00
   2.3270000e-01   1.7256710e+00
   2.3280000e-01   1.7237964e+00
   2.3290000e-01   1.7219210e+00
   2.3300000e-01   1.7200449e+00
   2.3310000e-01   1.7181679e+00
   2.3320000e-01   1.7162902e+00
   2.3330000e-01   1.7144116e+00
   2.3340000e-01   1.7125322e+00
   2.3350000e-01   1.7106520e+00
   2.3360000e-01   1.7087710e+00
   2.3370000e-01   1.7068892e+00
   2.3380000e-01   1.7050065e+00
   2.3390000e-01   1.7031229e+00
   2.3400000e-01   1.7012385e+00
   2.3410000e-01   1.6993533e+00
   2.3420000e-01   1.6974671e+00
   2.3430000e-01   1.6955801e+00
   2.3440000e-01   1.6936922e+00
   2.3450000e-01   1.6918034e+00
   2.3460000e-01   1.6899137e+00
   2.3470000e-01   1.6880230e+00
   2.3480000e-01   1.6861315e+00
   2.3490000e-01   1.6842390e+00
   2.3500000e-01   1.6823456e+00
   2.3510000e-01   1.6804512e+00
   2.3520000e-01   1.6785559e+00
   2.3530000e-01   1.6766597e+00
   2.3540000e-01   1.6747624e+00
   2.3550000e-01   1.6728642e+00
   2.3560000e-01   1.6709650e+00
   2.3570000e-01   1.6690648e+00
   2.3580000e-01   1.6671636e+00
   2.3590000e-01   1.6652614e+00
   2.3600000e-01   1.6633582e+00
   2.3610000e-01   1.6614540e+00
   2.3620000e-01   1.6595487e+00
   2.3630000e-01   1.6576423e+00
   2.3640000e-01   1.6557350e+00
   2.3650000e-01   1.6538265e+00
   2.3660000e-01   1.6519170e+00
   2.3670000e-01   1.6500064e+00
   2.3680000e-01   1.6480948e+00
   2.3690000e-01   1.6461820e+00
   2.3700000e-01   1.6442681e+00
   2.3710000e-01   1.6423531e+00
   2.3720000e-01   1.6404370e+00
   2.3730000e-01   1.6385198e+00
   2.3740000e-01   1.6366014e+00
   2.3750000e-01   1.6346819e+00
   2.3760000e-01   1.6327612e+00
   2.3770000e-01   1.6308393e+00
   2.3780000e-01   1.6289163e+00
   2.3790000e-01   1.6269921e+00
   2.3800000e-01   1.6250667e+00
   2.3810000e-01   1.6231401e+00
   2.3820000e-01   1.6212122e+00
   2.3830000e-01   1.6192832e+00
   2.3840000e-01   1.6173529e+00
   2.3850000e-01   1.6154214e+00
   2.3860000e-01   1.6134886e+00
   2.3870000e-01   1.6115545e+00
   2.3880000e-01   1.6096192e+00
   2.3890000e-01   1.6076826e+00
   2.3900000e-01   1.6057448e+00
   2.3910000e-01   1.6038056e+00
   2.3920000e-01   1.6018651e+00
   2.3930000e-01   1.5999233e+00
   2.3940000e-01   1.5979801e+00
   2.3950000e-01   1.5960356e+00
   2.3960000e-01   1.5940898e+00
   2.3970000e-01   1.5921426e+00
   2.3980000e-01   1.5901941e+00
   2.3990000e-01   1.5882441e+00
   2.4000000e-01   1.5862928e+00
   2.4010000e-01   1.5843400e+00
   2.4020000e-01   1.5823859e+00
   2.4030000e-01   1.5804303e+00
   2.4040000e-01   1.5784733e+00
   2.4050000e-01   1.5765148e+00
   2.4060000e-01   1.5745549e+00
   2.4070000e-01   1.5725935e+00
   2.4080000e-01   1.5706307e+00
   2.4090000e-01   1.5686663e+00
   2.4100000e-01   1.5667005e+00
   2.4110000e-01   1.5647331e+00
   2.4120000e-01   1.5627642e+00
   2.4130000e-01   1.5607938e+00
   2.4140000e-01   1.5588219e+00
   2.4150000e-01   1.5568484e+00
   2.4160000e-01   1.5548733e+00
   2.4170000e-01   1.5528966e+00
   2.4180000e-01   1.5509184e+00
   2.4190000e-01   1.5489385e+00
   2.4200000e-01   1.5469571e+00
   2.4210000e-01   1.5449740e+00
   2.4220000e-01   1.5429892e+00
   2.4230000e-01   1.5410029e+00
   2.4240000e-01   1.5390148e+00
   2.4250000e-01   1.5370251e+00
   2.4260000e-01   1.5350337e+00
   2.4270000e-01   1.5330406e+00
   2.4280000e-01   1.5310458e+00
   2.4290000e-01   1.5290492e+00
   2.4300000e-01   1.5270509e+00
   2.4310000e-01   1.5250509e+00
   2.4320000e-01   1.5230491e+00
   2.4330000e-01   1.5210455e+00
   2.4340000e-01   1.5190402e+00
   2.4350000e-01   1.5170330e+00
   2.4360000e-01   1.5150240e+00
   2.4370000e-01   1.5130132e+00
   2.4380000e-01   1.5110006e+00
   2.4390000e-01   1.5089861e+00
   2.4400000e-01   1.5069697e+00
   2.4410000e-01   1.5049514e+00
   2.4420000e-01   1.5029313e+00
   2.4430000e-01   1.5009092e+00
   2.4440000e-01   1.4988852e+00
   2.4450000e-01   1.4968593e+00
   2.4460000e-01   1.4948314e+00
   2.4470000e-01   1.4928015e+00
   2.4480000e-01   1.4907697e+00
   2.4490000e-01   1.4887358e+00
   2.4500000e-01   1.4867000e+00
   2.4510000e-01   1.4846621e+00
   2.4520000e-01   1.4826222e+00
   2.4530000e-01   1.4805802e+00
   2.4540000e-01   1.4785362e+00
   2.4550000e-01   1.4764900e+00
   2.4560000e-01   1.4744418e+00
   2.4570000e-01   1.4723915e+00
   2.4580000e-01   1.4703390e+00
   2.4590000e-01   1.4682843e+00
   2.4600000e-01   1.4662275e+00
   2.4610000e-01   1.4641685e+00
   2.4620000e-01   1.4621073e+00
   2.4630000e-01   1.4600439e+00
   2.4640000e-01   1.4579783e+00
   2.4650000e-01   1.4559104e+00
   2.4660000e-01   1.4538403e+00
   2.4670000e-01   1.4517678e+00
   2.4680000e-01   1.4496931e+00
   2.4690000e-01   1.4476160e+00
   2.4700000e-01   1.4455367e+00
   2.4710000e-01   1.4434549e+00
   2.4720000e-01   1.4413708e+00
   2.4730000e-01   1.4392843e+00
   2.4740000e-01   1.4371954e+00
   2.4750000e-01   1.4351041e+00
   2.4760000e-01   1.4330104e+00
   2.4770000e-01   1.4309142e+00
   2.4780000e-01   1.4288155e+00
   2.4790000e-01   1.4267143e+00
   2.4800000e-01   1.4246105e+00
   2.4810000e-01   1.4225043e+00
   2.4820000e-01   1.4203955e+00
   2.4830000e-01   1.4182841e+00
   2.4840000e-01   1.4161701e+00
   2.4850000e-01   1.4140536e+00
   2.4860000e-01   1.4119343e+00
   2.4870000e-01   1.4098125e+00
   2.4880000e-01   1.4076879e+00
   2.4890000e-01   1.4055607e+00
   2.4900000e-01   1.4034307e+00
   2.4910000e-01   1.4012980e+00
   2.4920000e-01   1.3991625e+00
   2.4930000e-01   1.3970243e+00
   2.4940000e-01   1.3948832e+00
   2.4950000e-01   1.3927394e+00
   2.4960000e-01   1.3905927e+00
   2.4970000e-01   1.3884431e+00
   2.4980000e-01   1.3862906e+00
   2.4990000e-01   1.3841352e+00
   2.5000000e-01   1.3819769e+00
   2.5010000e-01   1.3798156e+00
   2.5020000e-01   1.3776513e+00
   2.5030000e-01   1.3754840e+00
   2.5040000e-01   1.3733137e+00
   2.5050000e-01   1.3711404e+00
   2.5060000e-01   1.3689639e+00
   2.5070000e-01   1.3667844e+00
   2.5080000e-01   1.3646017e+00
   2.5090000e-01   1.3624158e+00
   2.5100000e-01   1.3602268e+00
   2.5110000e-01   1.3580346e+00
   2.5120000e-01   1.3558391e+00
   2.5130000e-01   1.3536404e+00
   2.5140000e-01   1.3514384e+00
   2.5150000e-01   1.3492331e+00
   2.5160000e-01   1.3470244e+00
   2.5170000e-01   1.3448124e+00
   2.5180000e-01   1.3425970e+00
   2.5190000e-01   1.3403781e+00
   2.5200000e-01   1.3381558e+00
   2.5210000e-01   1.3359300e+00
   2.5220000e-01   1.3337007e+00
   2.5230000e-01   1.3314679e+00
   2.5240000e-01   1.3292315e+00
   2.5250000e-01   1.3269915e+00
   2.5260000e-01   1.3247479e+00
   2.5270000e-01   1.3225006e+00
   2.5280000e-01   1.3202496e+00
   2.5290000e-01   1.3179949e+00
   2.5300000e-01   1.3157364e+00
   2.5310000e-01   1.3134742e+00
   2.5320000e-01   1.3112081e+00
   2.5330000e-01   1.3089382e+00
   2.5340000e-01   1.3066643e+00
   2.5350000e-01   1.3043866e+00
   2.5360000e-01   1.3021049e+00
   2.5370000e-01   1.2998192e+00
   2.5380000e-01   1.2975295e+00
   2.5390000e-01   1.2952358e+00
   2.5400000e-01   1.2929379e+00
   2.5410000e-01   1.2906359e+00
   2.5420000e-01   1.2883297e+00
   2.5430000e-01   1.2860194e+00
   2.5440000e-01   1.2837047e+00
   2.5450000e-01   1.2813858e+00
   2.5460000e-01   1.2790626e+00
   2.5470000e-01   1.2767350e+00
   2.5480000e-01   1.2744030e+00
   2.5490000e-01   1.2720666e+00
   2.5500000e-01   1.2697257e+00
   2.5510000e-01   1.2673802e+00
   2.5520000e-01   1.2650302e+00
   2.5530000e-01   1.2626756e+00
   2.5540000e-01   1.2603163e+00
   2.5550000e-01   1.2579523e+00
   2.5560000e-01   1.2555836e+00
   2.5570000e-01   1.2532101e+00
   2.5580000e-01   1.2508318e+00
   2.5590000e-01   1.2484486e+00
   2.5600000e-01   1.2460605e+00
   2.5610000e-01   1.2436674e+00
   2.5620000e-01   1.2412694e+00
   2.5630000e-01   1.2388664e+00
   2.5640000e-01   1.2364583e+00
   2.5650000e-01   1.2340452e+00
   2.5660000e-01   1.2316270e+00
   2.5670000e-01   1.2292038e+00
   2.5680000e-01   1.2267753e+00
   2.5690000e-01   1.2243417e+00
   2.5700000e-01   1.2219029e+00
   2.5710000e-01   1.2194589e+00
   2.5720000e-01   1.2170096e+00
   2.5730000e-01   1.2145550e+00
   2.5740000e-01   1.2120950e+00
   2.5750000e-01   1.2096298e+00
   2.5760000e-01   1.2071591e+00
   2.5770000e-01   1.2046830e+00
   2.5780000e-01   1.2022015e+00
   2.5790000e-01   1.1997144e+00
   2.5800000e-01   1.1972219e+00
   2.5810000e-01   1.1947238e+00
   2.5820000e-01   1.1922201e+00
   2.5830000e-01   1.1897108e+00
   2.5840000e-01   1.1871958e+00
   2.5850000e-01   1.1846751e+00
   2.5860000e-01   1.1821487e+00
   2.5870000e-01   1.1796166e+00
   2.5880000e-01   1.1770786e+00
   2.5890000e-01   1.1745348e+00
   2.5900000e-01   1.1719851e+00
   2.5910000e-01   1.1694296e+00
   2.5920000e-01   1.1668680e+00
   2.5930000e-01   1.1643005e+00
   2.5940000e-01   1.1617270e+00
   2.5950000e-01   1.1591474e+00
   2.5960000e-01   1.1565617e+00
   2.5970000e-01   1.1539698e+00
   2.5980000e-01   1.1513718e+00
   2.5990000e-01   1.1487675e+00
   2.6000000e-01   1.1461570e+00
   2.6010000e-01   1.1435401e+00
   2.6020000e-01   1.1409170e+00
   2.6030000e-01   1.1382874e+00
   2.6040000e-01   1.1356514e+00
   2.6050000e-01   1.1330089e+00
   2.6060000e-01   1.1303599e+00
   2.6070000e-01   1.1277043e+00
   2.6080000e-01   1.1250422e+00
   2.6090000e-01   1.1223733e+00
   2.6100000e-01   1.1196978e+00
   2.6110000e-01   1.1170155e+00
   2.6120000e-01   1.1143264e+00
   2.6130000e-01   1.1116305e+00
   2.6140000e-01   1.1089277e+00
   2.6150000e-01   1.1062179e+00
   2.6160000e-01   1.1035012e+00
   2.6170000e-01   1.1007774e+00
   2.6180000e-01   1.0980465e+00
   2.6190000e-01   1.0953085e+00
   2.6200000e-01   1.0925633e+00
   2.6210000e-01   1.0898109e+00
   2.6220000e-01   1.0870512e+00
   2.6230000e-01   1.0842841e+00
   2.6240000e-01   1.0815096e+00
   2.6250000e-01   1.0787276e+00
   2.6260000e-01   1.0759382e+00
   2.6270000e-01   1.0731411e+00
   2.6280000e-01   1.0703365e+00
   2.6290000e-01   1.0675241e+00
   2.6300000e-01   1.0647040e+00
   2.6310000e-01   1.0618761e+00
   2.6320000e-01   1.0590404e+00
   2.6330000e-01   1.0561967e+00
   2.6340000e-01   1.0533451e+00
   2.6350000e-01   1.0504854e+00
   2.6360000e-01   1.0476175e+00
   2.6370000e-01   1.0447416e+00
   2.6380000e-01   1.0418574e+00
   2.6390000e-01   1.0389648e+00
   2.6400000e-01   1.0360639e+00
   2.6410000e-01   1.0331546e+00
   2.6420000e-01   1.0302368e+00
   2.6430000e-01   1.0273104e+00
   2.6440000e-01   1.0243754e+00
   2.6450000e-01   1.0214316e+00
   2.6460000e-01   1.0184791e+00
   2.6470000e-01   1.0155177e+00
   2.6480000e-01   1.0125474e+00
   2.6490000e-01   1.0095681e+00
   2.6500000e-01   1.0065797e+00
   2.6510000e-01   1.0035821e+00
   2.6520000e-01   1.0005753e+00
   2.6530000e-01   9.9755920e-01
   2.6540000e-01   9.9453369e-01
   2.6550000e-01   9.9149871e-01
   2.6560000e-01   9.8845417e-01
   2.6570000e-01   9.8539999e-01
   2.6580000e-01   9.8233608e-01
   2.6590000e-01   9.7926236e-01
   2.6600000e-01   9.7617874e-01
   2.6610000e-01   9.7308514e-01
   2.6620000e-01   9.6998145e-01
   2.6630000e-01   9.6686759e-01
   2.6640000e-01   9.6374347e-01
   2.6650000e-01   9.6060899e-01
   2.6660000e-01   9.5746406e-01
   2.6670000e-01   9.5430858e-01
   2.6680000e-01   9.5114246e-01
   2.6690000e-01   9.4796558e-01
   2.6700000e-01   9.4477786e-01
   2.6710000e-01   9.4157918e-01
   2.6720000e-01   9.3836944e-01
   2.6730000e-01   9.3514855e-01
   2.6740000e-01   9.3191637e-01
   2.6750000e-01   9.2867282e-01
   2.6760000e-01   9.2541777e-01
   2.6770000e-01   9.2215112e-01
   2.6780000e-01   9.1887274e-01
   2.6790000e-01   9.1558252e-01
   2.6800000e-01   9.1228034e-01
   2.6810000e-01   9.0896608e-01
   2.6820000e-01   9.0563961e-01
   2.6830000e-01   9.0230081e-01
   2.6840000e-01   8.9894956e-01
   2.6850000e-01   8.9558572e-01
   2.6860000e-01   8.9220916e-01
   2.6870000e-01   8.8881975e-01
   2.6880000e-01   8.8541734e-01
   2.6890000e-01   8.8200180e-01
   2.6900000e-01   8.7857300e-01
   2.6910000e-01   8.7513077e-01
   2.6920000e-01   8.7167499e-01
   2.6930000e-01   8.6820549e-01
   2.6940000e-01   8.6472213e-01
   2.6950000e-01   8.6122474e-01
   2.6960000e-01   8.5771318e-01
   2.6970000e-01   8.5418728e-01
   2.6980000e-01   8.5064688e-01
   2.6990000e-01   8.4709181e-01
   2.7000000e-01   8.4352190e-01
   2.7010000e-01   8.3993697e-01
   2.7020000e-01   8.3633685e-01
   2.7030000e-01   8.3272136e-01
   2.7040000e-01   8.2909032e-01
   2.7050000e-01   8.2544353e-01
   2.7060000e-01   8.2178081e-01
   2.7070000e-01   8.1810195e-01
   2.7080000e-01   8.1440677e-01
   2.7090000e-01   8.1069505e-01
   2.7100000e-01   8.0696659e-01
   2.7110000e-01   8.0322117e-01
   2.7120000e-01   7.9945859e-01
   2.7130000e-01   7.9567861e-01
   2.7140000e-01   7.9188102e-01
   2.7150000e-01   7.8806557e-01
   2.7160000e-01   7.8423204e-01
   2.7170000e-01   7.8038019e-01
   2.7180000e-01   7.7650976e-01
   2.7190000e-01   7.7262050e-01
   2.7200000e-01   7.6871217e-01
   2.7210000e-01   7.6478448e-01
   2.7220000e-01   7.6083718e-01
   2.7230000e-01   7.5686998e-01
   2.7240000e-01   7.5288260e-01
   2.7250000e-01   7.4887476e-01
   2.7260000e-01   7.4484621e-01
   2.7270000e-01   7.4079677e-01
   2.7280000e-01   7.3672630e-01
   2.7290000e-01   7.3263462e-01
   2.7300000e-01   7.2852160e-01
   2.7310000e-01   7.2438706e-01
   2.7320000e-01   7.2023086e-01
   2.7330000e-01   7.1605283e-01
   2.7340000e-01   7.1185283e-01
   2.7350000e-01   7.0763070e-01
   2.7360000e-01   7.0338628e-01
   2.7370000e-01   6.9911943e-01
   2.7380000e-01   6.9483000e-01
   2.7390000e-01   6.9051783e-01
   2.7400000e-01   6.8618278e-01
   2.7410000e-01   6.8182471e-01
   2.7420000e-01   6.7744348e-01
   2.7430000e-01   6.7303894e-01
   2.7440000e-01   6.6861096e-01
   2.7450000e-01   6.6415939e-01
   2.7460000e-01   6.5968412e-01
   2.7470000e-01   6.5518501e-01
   2.7480000e-01   6.5066193e-01
   2.7490000e-01   6.4611476e-01
   2.7500000e-01   6.4154339e-01
   2.7510000e-01   6.3694769e-01
   2.7520000e-01   6.3232757e-01
   2.7530000e-01   6.2768291e-01
   2.7540000e-01   6.2301361e-01
   2.7550000e-01   6.1831958e-01
   2.7560000e-01   6.1360072e-01
   2.7570000e-01   6.0885697e-01
   2.7580000e-01   6.0408822e-01
   2.7590000e-01   5.9929442e-01
   2.7600000e-01   5.9447550e-01
   2.7610000e-01   5.8963140e-01
   2.7620000e-01   5.8476207e-01
   2.7630000e-01   5.7986747e-01
   2.7640000e-01   5.7494756e-01
   2.7650000e-01   5.7000232e-01
   2.7660000e-01   5.6503173e-01
   2.7670000e-01   5.6003578e-01
   2.7680000e-01   5.5501448e-01
   2.7690000e-01   5.4996783e-01
   2.7700000e-01   5.4489586e-01
   2.7710000e-01   5.3979860e-01
   2.7720000e-01   5.3467610e-01
   2.7730000e-01   5.2952841e-01
   2.7740000e-01   5.2435560e-01
   2.7750000e-01   5.1915776e-01
   2.7760000e-01   5.1393497e-01
   2.7770000e-01   5.0868735e-01
   2.7780000e-01   5.0341502e-01
   2.7790000e-01   4.9811811e-01
   2.7800000e-01   4.9279676e-01
   2.7810000e-01   4.8745116e-01
   2.7820000e-01   4.8208148e-01
   2.7830000e-01   4.7668790e-01
   2.7840000e-01   4.7127066e-01
   2.7850000e-01   4.6582997e-01
   2.7860000e-01   4.6036609e-01
   2.7870000e-01   4.5487926e-01
   2.7880000e-01   4.4936979e-01
   2.7890000e-01   4.4383795e-01
   2.7900000e-01   4.3828408e-01
   2.7910000e-01   4.3270850e-01
   2.7920000e-01   4.2711156e-01
   2.7930000e-01   4.2149364e-01
   2.7940000e-01   4.1585512e-01
   2.7950000e-01   4.1019642e-01
   2.7960000e-01   4.0451796e-01
   2.7970000e-01   3.9882019e-01
   2.7980000e-01   3.9310357e-01
   2.7990000e-01   3.8736858e-01
   2.8000000e-01   3.8161574e-01
   2.8010000e-01   3.7584554e-01
   2.8020000e-01   3.7005855e-01
   2.8030000e-01   3.6425531e-01
   2.8040000e-01   3.5843640e-01
   2.8050000e-01   3.5260240e-01
   2.8060000e-01   3.4675394e-01
   2.8070000e-01   3.4089163e-01
   2.8080000e-01   3.3501612e-01
   2.8090000e-01   3.2912807e-01
   2.8100000e-01   3.2322814e-01
   2.8110000e-01   3.1731702e-01
   2.8120000e-01   3.1139542e-01
   2.8130000e-01   3.0546405e-01
   2.8140000e-01   2.9952363e-01
   2.8150000e-01   2.9357490e-01
   2.8160000e-01   2.8761862e-01
   2.8170000e-01   2.8165553e-01
   2.8180000e-01   2.7568641e-01
   2.8190000e-01   2.6971203e-01
   2.8200000e-01   2.6373316e-01
   2.8210000e-01   2.5775061e-01
   2.8220000e-01   2.5176515e-01
   2.8230000e-01   2.4577755e-01
   2.8240000e-01   2.3978811e-01
   2.8250000e-01   2.3379687e-01
   2.8260000e-01   2.2780388e-01
   2.8270000e-01   2.2180918e-01
   2.8280000e-01   2.1581282e-01
   2.8290000e-01   2.0981484e-01
   2.8300000e-01   2.0381528e-01
   2.8310000e-01   1.9781418e-01
   2.8320000e-01   1.9181160e-01
   2.8330000e-01   1.8580757e-01
   2.8340000e-01   1.7980214e-01
   2.8350000e-01   1.7379536e-01
   2.8360000e-01   1.6778726e-01
   2.8370000e-01   1.6177790e-01
   2.8380000e-01   1.5576731e-01
   2.8390000e-01   1.4975554e-01
   2.8400000e-01   1.4374264e-01
   2.8410000e-01   1.3772866e-01
   2.8420000e-01   1.3171363e-01
   2.8430000e-01   1.2569760e-01
   2.8440000e-01   1.1968061e-01
   2.8450000e-01   1.1366272e-01
   2.8460000e-01   1.0764397e-01
   2.8470000e-01   1.0162440e-01
   2.8480000e-01   9.5604056e-02
   2.8490000e-01   8.9582987e-02
   2.8500000e-01   8.3561236e-02
   2.8510000e-01   7.7538851e-02
   2.8520000e-01   7.1515875e-02
   2.8530000e-01   6.5492355e-02
   2.8540000e-01   5.9468336e-02
   2.8550000e-01   5.3443865e-02
   2.8560000e-01   4.7418987e-02
   2.8570000e-01   4.1393748e-02
   2.8580000e-01   3.5368193e-02
   2.8590000e-01   2.9342369e-02
   2.8600000e-01   2.3316322e-02
   2.8610000e-01   1.7290097e-02
   2.8620000e-01   1.1263740e-02
   2.8630000e-01   5.2372968e-03
   2.8640000e-01   0.0000000e+00
